[[  1.00000000e+00   1.00000000e+00   1.00000000e+00   1.00000000e+00
    0.00000000e+00   0.00000000e+00   0.00000000e+00   0.00000000e+00
    0.00000000e+00   0.00000000e+00   7.85398163e-01   7.85398163e-01
    7.85398163e-01]
 [  9.99875581e-01   1.00494507e+00   1.00012935e+00   9.97710783e-01
    3.92405373e-02   3.92405373e-02   3.92405373e-02  -3.78072549e-03
    9.97976357e-02   3.98308976e-03   7.85398163e-01   7.85398163e-01
    7.85398163e-01]
 [  9.99012394e-01   1.01981958e+00   1.00106803e+00   9.90807346e-01
    7.83014143e-02   7.83014143e-02   7.83014143e-02  -1.47213189e-02
    1.98373272e-01   1.63480468e-02   7.85398163e-01   7.85398163e-01
    7.85398163e-01]
 [  9.96733874e-01   1.04444138e+00   1.00367475e+00   9.79321404e-01
    1.17001978e-01   1.17001978e-01   1.17001978e-01  -3.20043136e-02
    2.94521174e-01   3.74831397e-02   7.85398163e-01   7.85398163e-01
    7.85398163e-01]
 [  9.92451143e-01   1.07850976e+00   1.00883910e+00   9.63305863e-01
    1.55163233e-01   1.55163233e-01   1.55163233e-01  -5.46949451e-02
    3.87080297e-01   6.76146479e-02   7.85398163e-01   7.85398163e-01
    7.85398163e-01]
 [  9.85673904e-01   1.12161100e+00   1.01746510e+00   9.42834580e-01
    1.92608670e-01   1.92608670e-01   1.92608670e-01  -8.17584125e-02
    4.74955746e-01   1.06802666e-01   7.85398163e-01   7.85398163e-01
    7.85398163e-01]
 [  9.76019510e-01   1.17322601e+00   1.03045448e+00   9.18002024e-01
    2.29165083e-01   2.29165083e-01   2.29165083e-01  -1.12078990e-01
    5.57139011e-01   1.54939979e-01   7.85398163e-01   7.85398163e-01
    7.85398163e-01]
 [  9.63220051e-01   1.23273991e+00   1.04869004e+00   8.88922835e-01
    2.64663366e-01   2.64663366e-01   2.64663366e-01  -1.44480636e-01
    6.32726610e-01   2.11754025e-01   7.85398163e-01   7.85398163e-01
    7.85398163e-01]
 [  9.47127317e-01   1.29945336e+00   1.07301933e+00   8.55731299e-01
    2.98939304e-01   2.98939304e-01   2.98939304e-01  -1.77748717e-01
    7.00936797e-01   2.76811920e-01   7.85398163e-01   7.85398163e-01
    7.85398163e-01]
 [  9.27715547e-01   1.37259546e+00   1.10423899e+00   8.18580727e-01
    3.31834323e-01   3.31834323e-01   3.31834323e-01  -2.10652449e-01
    7.61124011e-01   3.49528438e-01   7.85398163e-01   7.85398163e-01
    7.85398163e-01]
 [  9.05081923e-01   1.45133803e+00   1.14308005e+00   7.77642747e-01
    3.63196229e-01   3.63196229e-01   3.63196229e-01  -2.41967640e-01
    8.12790826e-01   4.29176814e-01   7.85398163e-01   7.85398163e-01
    7.85398163e-01]
 [  8.79444788e-01   1.53481084e+00   1.19019437e+00   7.33106508e-01
    3.92879914e-01   3.92879914e-01   3.92879914e-01  -2.70499307e-01
    8.55597149e-01   5.14902158e-01   7.85398163e-01   7.85398163e-01
    7.85398163e-01]
 [  8.52394857e-01   1.62037056e+00   1.24168459e+00   6.84927924e-01
    4.20502308e-01   4.21168299e-01   4.20980525e-01  -2.70499307e-01
    8.55597149e-01   5.14902158e-01   7.79478625e-01   7.93503004e-01
    8.07213228e-01]
 [  8.24329010e-01   1.70722931e+00   1.29784245e+00   6.33276198e-01
    4.45897800e-01   4.47902146e-01   4.47351222e-01  -2.90092170e-01
    8.80328035e-01   6.09785965e-01   7.79478625e-01   7.93503004e-01
    8.07213228e-01]
 [  7.94593479e-01   1.79612012e+00   1.36364258e+00   5.78632766e-01
    4.69189711e-01   4.72523014e-01   4.71611522e-01  -3.03675092e-01
    8.96192713e-01   7.07582035e-01   7.79478625e-01   7.93503004e-01
    8.07213228e-01]
 [  7.63834184e-01   1.88617187e+00   1.43931760e+00   5.21255422e-01
    4.90267995e-01   4.94914584e-01   4.93646811e-01  -3.10360978e-01
    9.03531666e-01   8.07099052e-01   7.79478625e-01   7.93503004e-01
    8.07213228e-01]
 [  7.32779454e-01   1.97655547e+00   1.52497921e+00   4.61414876e-01
    5.09033053e-01   5.14971057e-01   5.13352969e-01  -3.09392694e-01
    9.02846143e-01   9.07113162e-01   7.79478625e-01   7.93503004e-01
    8.07213228e-01]
 [  7.02226299e-01   2.06649957e+00   1.62061603e+00   3.99393478e-01
    5.25396198e-01   5.32597648e-01   5.30636867e-01  -3.00157360e-01
    8.94788717e-01   1.00639105e+00   7.79478625e-01   7.93503004e-01
    8.07213228e-01]
 [  6.71395740e-01   2.15665182e+00   1.71641639e+00   3.35483886e-01
    5.39280077e-01   5.47711040e-01   5.45416805e-01  -3.18116801e-01
    9.09426440e-01   9.09068896e-01   7.79478625e-01   7.93503004e-01
    8.07213228e-01]
 [  6.40843474e-01   2.24663258e+00   1.81201632e+00   2.69987684e-01
    5.50619037e-01   5.60239774e-01   5.57622898e-01  -2.91140654e-01
    8.89124143e-01   1.00325260e+00   7.79478625e-01   7.93503004e-01
    8.07213228e-01]
 [  6.13440914e-01   2.33434443e+00   1.91683270e+00   2.03213961e-01
    5.59359434e-01   5.70124588e-01   5.67197410e-01  -2.55025197e-01
    8.64179852e-01   1.09317425e+00   7.79478625e-01   7.93503004e-01
    8.07213228e-01]
 [  5.90100967e-01   2.41937746e+00   2.03038693e+00   1.35477850e-01
    5.65459888e-01   5.77318698e-01   5.74095020e-01  -2.09820144e-01
    8.35703734e-01   1.17779055e+00   7.79478625e-01   7.93503004e-01
    8.07213228e-01]
 [  5.71723063e-01   2.50143628e+00   2.15210088e+00   6.70990420e-02
    5.68891478e-01   5.81788019e-01   5.78283043e-01  -1.55746611e-01
    8.04872606e-01   1.25615818e+00   7.79478625e-01   7.93503004e-01
    8.07213228e-01]
 [  5.59176194e-01   2.58034556e+00   2.28130777e+00  -1.59972437e-03
    5.69637880e-01   5.83511324e-01   5.79741583e-01  -9.31929599e-02
    7.72907755e-01   1.32745161e+00   7.79478625e-01   7.93503004e-01
    8.07213228e-01]
 [  5.53282525e-01   2.65605337e+00   2.41726474e+00  -7.02941836e-02
    5.67695444e-01   5.82480351e-01   5.78463625e-01  -2.27074883e-02
    7.41051902e-01   1.39097869e+00   7.79478625e-01   7.93503004e-01
    8.07213228e-01]
 [  5.54801888e-01   2.72863214e+00   2.55916688e+00  -1.38660076e-01
    5.63073212e-01   5.78699835e-01   5.74455074e-01   5.50118937e-02
    7.10545775e-01   1.44619371e+00   7.79478625e-01   7.93503004e-01
    8.07213228e-01]
 [  5.64417448e-01   2.79827731e+00   2.70616239e+00  -2.06374676e-01
    5.55792875e-01   5.72187492e-01   5.67734721e-01   1.39130812e-01
    6.82604702e-01   1.49270767e+00   7.79478625e-01   7.93503004e-01
    8.07213228e-01]
 [  5.82722814e-01   2.86530365e+00   2.85736863e+00  -2.73118319e-01
    5.45888674e-01   5.62973933e-01   5.58334161e-01   2.28694153e-01
    6.58395694e-01   1.53029568e+00   7.79478625e-01   7.93503004e-01
    8.07213228e-01]
 [  6.10210840e-01   2.93013931e+00   3.01188881e+00  -3.38575909e-01
    5.33407236e-01   5.51102522e-01   5.46297641e-01   3.22644062e-01
    6.39015428e-01   1.55890121e+00   7.79478625e-01   7.93503004e-01
    8.07213228e-01]
 [  6.47264324e-01   2.99331781e+00   3.16882885e+00  -4.02438402e-01
    5.18407356e-01   5.36629169e-01   5.31681852e-01   4.19839888e-01
    6.25469556e-01   1.57863714e+00   7.79478625e-01   7.93503004e-01
    8.07213228e-01]
 [  6.94148779e-01   3.05546789e+00   3.32731428e+00  -4.64404273e-01
    5.00959718e-01   5.19622071e-01   5.14555665e-01   5.19079684e-01
    6.18653736e-01   1.58978368e+00   7.79478625e-01   7.93503004e-01
    8.07213228e-01]
 [  7.51007417e-01   3.11730175e+00   3.48650675e+00  -5.24180933e-01
    4.81146566e-01   5.00161388e-01   4.94999801e-01   6.19122872e-01
    6.19336724e-01   1.59278307e+00   7.79478625e-01   7.93503004e-01
    8.07213228e-01]
 [  8.17858445e-01   3.17960155e+00   3.64561980e+00  -5.81486114e-01
    4.59061312e-01   4.78338863e-01   4.73106456e-01   7.18713635e-01
    6.28145869e-01   1.58823131e+00   7.79478625e-01   7.93503004e-01
    8.07213228e-01]
 [  8.94594705e-01   3.24320468e+00   3.80393373e+00  -6.36049200e-01
    4.34808099e-01   4.54257395e-01   4.48978863e-01   8.16604600e-01
    6.45555263e-01   1.57686685e+00   7.79478625e-01   7.93503004e-01
    8.07213228e-01]
 [  9.80985692e-01   3.30898801e+00   3.96080918e+00  -6.87612506e-01
    4.08501307e-01   4.28030550e-01   4.22730806e-01   9.11580364e-01
    6.71876790e-01   1.55955677e+00   7.79478625e-01   7.93503004e-01
    8.07213228e-01]
 [  1.07214373e+00   3.37617569e+00   4.11676486e+00  -7.36158534e-01
    3.79840280e-01   4.00023278e-01   3.94229482e-01   9.11580364e-01
    6.71876790e-01   1.55955677e+00   7.87211496e-01   7.87342790e-01
    8.29155040e-01]
 [  1.16759006e+00   3.44549525e+00   4.27145674e+00  -7.81409347e-01
    3.48918179e-01   3.70341830e-01   3.63585280e-01   9.97242428e-01
    7.16486386e-01   1.53348305e+00   7.87211496e-01   7.87342790e-01
    8.29155040e-01]
 [  1.27130124e+00   3.51972444e+00   4.42340132e+00  -8.22899111e-01
    3.16314214e-01   3.38875403e-01   3.31188592e-01   1.07665578e+00
    7.70107517e-01   1.50478498e+00   7.87211496e-01   7.87342790e-01
    8.29155040e-01]
 [  1.37896682e+00   3.59673519e+00   4.57387982e+00  -8.60604799e-01
    2.82377072e-01   3.05588198e-01   2.96693795e-01   1.07665578e+00
    7.70107517e-01   1.50478498e+00   7.78673408e-01   8.04333840e-01
    8.43856796e-01]
 [  1.48988130e+00   3.67716390e+00   4.72285020e+00  -8.94286125e-01
    2.47249838e-01   2.70624686e-01   2.60230921e-01   1.14087635e+00
    8.40468143e-01   1.47437285e+00   7.78673408e-01   8.04333840e-01
    8.43856796e-01]
 [  1.60396893e+00   3.76121071e+00   4.87028748e+00  -9.23715823e-01
    2.10754760e-01   2.33788947e-01   2.22625154e-01   1.14087635e+00
    8.40468143e-01   1.47437285e+00   7.92009463e-01   8.23007922e-01
    8.36769559e-01]
 [  1.72043087e+00   3.84937875e+00   5.01635414e+00  -9.48683733e-01
    1.73062394e-01   1.95230282e-01   1.84042539e-01   1.18727526e+00
    9.24741674e-01   1.44716667e+00   7.92009463e-01   8.23007922e-01
    8.36769559e-01]
 [  1.84106846e+00   3.94625596e+00   5.15986241e+00  -9.68899950e-01
    1.34501089e-01   1.55691573e-01   1.44535929e-01   1.22426603e+00
    1.01452958e+00   1.42344176e+00   7.92009463e-01   8.23007922e-01
    8.36769559e-01]
 [  1.96493529e+00   4.05233945e+00   5.30121914e+00  -9.84262949e-01
    9.52639946e-02   1.15370860e-01   1.04303208e-01   1.25176759e+00
    1.10871744e+00   1.40437093e+00   7.92009463e-01   8.23007922e-01
    8.36769559e-01]
 [  2.09108626e+00   4.16801031e+00   5.44094407e+00  -9.94695520e-01
    5.55476571e-02   7.44701138e-02   6.35459067e-02   1.26988884e+00
    1.20610260e+00   1.39103399e+00   7.92009463e-01   8.23007922e-01
    8.36769559e-01]
 [  2.21755382e+00   4.28371514e+00   5.58043554e+00  -1.00014515e+00
    1.55510329e-02   3.31942190e-02   2.24681950e-02   1.26085120e+00
    1.10678698e+00   1.39767187e+00   7.92009463e-01   8.23007922e-01
    8.36769559e-01]
 [  2.34354828e+00   4.38944650e+00   5.72022438e+00  -1.00058428e+00
   -2.45255074e-02  -8.25004912e-03  -1.87241422e-02   1.26041860e+00
    1.00684658e+00   1.39677944e+00   7.92009463e-01   8.23007922e-01
    8.36769559e-01]
 [  2.46989932e+00   4.48520718e+00   5.85952253e+00  -9.96010461e-01
   -6.44811825e-02  -4.96550614e-02  -5.98247353e-02   1.26794016e+00
    9.07599762e-01   1.38767610e+00   7.92009463e-01   8.23007922e-01
    8.36769559e-01]
 [  2.59602315e+00   4.58080296e+00   5.99909834e+00  -9.86446361e-01
   -1.04115807e-01  -9.08133749e-02  -1.00627664e-01   1.25327464e+00
    1.00484829e+00   1.40550675e+00   7.92009463e-01   8.23007922e-01
    8.36769559e-01]
 [  2.72233573e+00   4.67660321e+00   6.13839400e+00  -9.71939643e-01
   -1.43230793e-01  -1.31518773e-01  -1.40928489e-01   1.27413082e+00
    9.10862936e-01   1.37860702e+00   7.92009463e-01   8.23007922e-01
    8.36769559e-01]
 [  2.84974881e+00   4.76768950e+00   6.27625470e+00  -9.52460868e-01
   -1.81535642e-01  -1.72138698e-01  -1.80615256e-01   1.27413082e+00
    9.10862936e-01   1.37860702e+00   7.85766908e-01   8.44503389e-01
    8.45441379e-01]
 [  2.97861396e+00   4.85456949e+00   6.41194723e+00  -9.28033422e-01
   -2.18815570e-01  -2.12465073e-01  -2.19485899e-01   1.30401958e+00
    8.26912558e-01   1.33326622e+00   7.85766908e-01   8.44503389e-01
    8.45441379e-01]
 [  3.11060949e+00   4.93337175e+00   6.54265720e+00  -8.98861161e-01
   -2.54978948e-01  -2.51707512e-01  -2.57236647e-01   1.33654543e+00
    7.49529507e-01   1.27891433e+00   7.85766908e-01   8.44503389e-01
    8.45441379e-01]
 [  3.24593320e+00   5.00479685e+00   6.66750097e+00  -8.65092953e-01
   -2.89840870e-01  -2.89665376e-01  -2.93674480e-01   1.37037022e+00
    6.79574990e-01   1.21593483e+00   7.85766908e-01   8.44503389e-01
    8.45441379e-01]
 [  3.38464754e+00   5.06962411e+00   6.78564205e+00  -8.26901167e-01
   -3.23223078e-01  -3.26144581e-01  -3.28613084e-01   1.40412906e+00
    6.17758679e-01   1.14488736e+00   7.85766908e-01   8.44503389e-01
    8.45441379e-01]
 [  3.52667828e+00   5.12869567e+00   6.89630819e+00  -7.84480790e-01
   -3.54954864e-01  -3.60958589e-01  -3.61873796e-01   1.43645824e+00
    5.64624201e-01   1.06649636e+00   7.85766908e-01   8.44503389e-01
    8.45441379e-01]
 [  3.67181603e+00   5.18289939e+00   6.99880715e+00  -7.38048435e-01
   -3.84873950e-01  -3.93929368e-01  -3.93286520e-01   1.46602310e+00
    5.20538027e-01   9.81636224e-01   7.85766908e-01   8.44503389e-01
    8.45441379e-01]
 [  3.81972050e+00   5.23315064e+00   7.09254081e+00  -6.87841232e-01
   -4.12827315e-01  -4.24888295e-01  -4.22690599e-01   1.49154523e+00
    4.85681962e-01   8.91313526e-01   7.85766908e-01   8.44503389e-01
    8.45441379e-01]
 [  3.96887502e+00   5.28171884e+00   7.18167216e+00  -6.33846352e-01
   -4.38404593e-01  -4.54069490e-01  -4.50180256e-01   1.49154523e+00
    4.85681962e-01   8.91313526e-01   7.80818798e-01   8.50642318e-01
    8.68252944e-01]
 [  4.11877686e+00   5.32939087e+00   7.26598312e+00  -5.76285346e-01
   -4.61433058e-01  -4.81288892e-01  -4.75593536e-01   1.50548870e+00
    4.69068054e-01   7.93508950e-01   7.80818798e-01   8.50642318e-01
    8.68252944e-01]
 [  4.26971836e+00   5.37583237e+00   7.34041044e+00  -5.15715604e-01
   -4.82056028e-01  -5.05999456e-01  -4.98527588e-01   1.51211392e+00
    4.61076283e-01   6.93838229e-01   7.80818798e-01   8.50642318e-01
    8.68252944e-01]
 [  4.42092535e+00   5.42187845e+00   7.40483217e+00  -4.52452884e-01
   -5.00165815e-01  -5.28072168e-01  -5.18862666e-01   1.51059292e+00
    4.61129286e-01   5.93611601e-01   7.80818798e-01   8.50642318e-01
    8.68252944e-01]
 [  4.57154916e+00   5.46829804e+00   7.45925816e+00  -3.86827004e-01
   -5.15667831e-01  -5.47391766e-01  -5.36492573e-01   1.50026736e+00
    4.68482088e-01   4.94150980e-01   7.80818798e-01   8.50642318e-01
    8.68252944e-01]
 [  4.72068424e+00   5.51577790e+00   7.50382991e+00  -3.19180126e-01
   -5.28481088e-01  -5.63857340e-01  -5.51325216e-01   1.48066223e+00
    4.82237607e-01   3.96762421e-01   7.80818798e-01   8.50642318e-01
    8.68252944e-01]
 [  4.86738704e+00   5.56490832e+00   7.53881761e+00  -2.49864971e-01
   -5.38538614e-01  -5.77382862e-01  -5.63283085e-01   1.45149581e+00
    5.01365328e-01   3.02708899e-01   7.80818798e-01   8.50642318e-01
    8.68252944e-01]
 [  5.01069569e+00   5.61617082e+00   7.56461454e+00  -1.79242978e-01
   -5.45787809e-01  -5.87897634e-01  -5.72303663e-01   1.41268552e+00
    5.24722764e-01   2.13183991e-01   7.80818798e-01   8.50642318e-01
    8.68252944e-01]
 [  5.14964996e+00   5.66992806e+00   7.58172886e+00  -1.07682422e-01
   -5.50190716e-01  -5.95346657e-01  -5.78339746e-01   1.36434966e+00
    5.51079246e-01   1.29287002e-01   7.80818798e-01   8.50642318e-01
    8.68252944e-01]
 [  5.28331137e+00   5.72641636e+00   7.59077303e+00  -3.55564929e-02
   -5.51724224e-01  -5.99690919e-01  -5.81359699e-01   1.30680502e+00
    5.79141559e-01   5.20000462e-02   7.80818798e-01   8.50642318e-01
    8.68252944e-01]
 [  5.41078264e+00   5.78574070e+00   7.59245110e+00   3.67586517e-02
   -5.50380183e-01  -6.00907600e-01  -5.81347610e-01   1.24056024e+00
    6.07580880e-01  -1.78324273e-02   7.80818798e-01   8.50642318e-01
    8.68252944e-01]
 [  5.53122646e+00   5.84787256e+00   7.58754397e+00   1.08885848e-01
   -5.46165454e-01  -5.98990190e-01  -5.78303386e-01   1.16630524e+00
    6.35060461e-01  -7.95212435e-02   7.80818798e-01   8.50642318e-01
    8.68252944e-01]
 [  5.64388290e+00   5.91265051e+00   7.57689319e+00   1.80448891e-01
   -5.39101869e-01  -5.93948526e-01  -5.72242746e-01   1.08489692e+00
    6.60263482e-01  -1.32546878e-01   7.80818798e-01   8.50642318e-01
    8.68252944e-01]
 [  5.75665992e+00   5.97757017e+00   7.56589360e+00   2.51074501e-01
   -5.29226123e-01  -5.85808742e-01  -5.63197144e-01   1.17245260e+00
    6.38606473e-01  -8.85234564e-02   7.80818798e-01   8.50642318e-01
    8.68252944e-01]
 [  5.86935977e+00   6.04231238e+00   7.55523880e+00   3.20394267e-01
   -5.16589576e-01  -5.74613131e-01  -5.51213601e-01   1.07988369e+00
    6.55521840e-01  -1.23393210e-01   7.80818798e-01   8.50642318e-01
    8.68252944e-01]
 [  5.97260520e+00   6.10846578e+00   7.54154931e+00   3.88046570e-01
   -5.01257993e-01  -5.60419925e-01  -5.36354469e-01   9.83540233e-01
    6.66598676e-01  -1.49148592e-01   7.80818798e-01   8.50642318e-01
    8.68252944e-01]
 [  6.06608343e+00   6.17539715e+00   7.52572678e+00   4.53678468e-01
   -4.83311199e-01  -5.43302996e-01  -5.18697097e-01   8.84739631e-01
    6.70861704e-01  -1.66018849e-01   7.80818798e-01   8.50642318e-01
    8.68252944e-01]
 [  6.14961617e+00   6.24238259e+00   7.50864074e+00   5.16947540e-01
   -4.62842662e-01  -5.23351469e-01  -4.98333434e-01   7.84850599e-01
    6.67477585e-01  -1.74418428e-01   7.80818798e-01   8.50642318e-01
    8.68252944e-01]
 [  6.22316339e+00   6.30862263e+00   7.49111041e+00   5.77523670e-01
   -4.39959008e-01  -5.00669256e-01  -4.75369552e-01   6.85264632e-01
    6.55772300e-01  -1.74938351e-01   7.80818798e-01   8.50642318e-01
    8.68252944e-01]
 [  6.28682416e+00   6.37325888e+00   7.47388768e+00   6.35090770e-01
   -4.14779466e-01  -4.75374519e-01  -4.49925086e-01   5.87367020e-01
    6.35245214e-01  -1.68333925e-01   7.80818798e-01   8.50642318e-01
    8.68252944e-01]
 [  6.34556086e+00   6.43678341e+00   7.45705429e+00   6.89096991e-01
   -3.87158889e-01  -4.47850440e-01  -4.22529317e-01   5.87367020e-01
    6.35245214e-01  -1.68333925e-01   7.87200746e-01   8.28092312e-01
    8.62249418e-01]
 [  6.40429756e+00   6.50030793e+00   7.44022090e+00   7.39539548e-01
   -3.57525064e-01  -4.18034205e-01  -3.92942859e-01   5.87367020e-01
    6.35245214e-01  -1.68333925e-01   7.79538062e-01   8.49451417e-01
    8.70567051e-01]
 [  6.46303426e+00   6.56383245e+00   7.42338750e+00   7.86168264e-01
   -3.26054331e-01  -3.86032732e-01  -3.61328482e-01   5.87367020e-01
    6.35245214e-01  -1.68333925e-01   7.88170405e-01   8.29561089e-01
    8.59947356e-01]
 [  6.52177096e+00   6.62735697e+00   7.40655411e+00   8.28340453e-01
   -2.92439984e-01  -3.52447565e-01  -3.28807137e-01   5.87367020e-01
    6.35245214e-01  -1.68333925e-01   7.97443119e-01   8.11386570e-01
    8.47085328e-01]
 [  6.57691155e+00   6.68771530e+00   7.39098557e+00   8.66131747e-01
   -2.57124461e-01  -3.17268981e-01  -2.95120602e-01   5.16005450e-01
    5.69919726e-01  -1.42688778e-01   7.97443119e-01   8.11386570e-01
    8.47085328e-01]
 [  6.62851209e+00   6.74470727e+00   7.37671669e+00   8.99414995e-01
   -2.20333744e-01  -2.80644895e-01  -2.60474895e-01   5.16005450e-01
    5.69919726e-01  -1.42688778e-01   8.06987148e-01   7.97242523e-01
    8.30105486e-01]
 [  6.67731857e+00   6.79779281e+00   7.36365684e+00   9.28080471e-01
   -1.82269214e-01  -2.42771082e-01  -2.25076423e-01   4.61006511e-01
    4.89906164e-01  -1.18618436e-01   8.06987148e-01   7.97242523e-01
    8.30105486e-01]
 [  6.72578253e+00   6.85099695e+00   7.35070982e+00   9.52164654e-01
   -1.43302789e-01  -2.03696635e-01  -1.88564812e-01   5.07254915e-01
    5.75964586e-01  -1.39986991e-01   8.06987148e-01   7.97242523e-01
    8.30105486e-01]
 [  6.77842921e+00   6.91306540e+00   7.33580755e+00   9.71548395e-01
   -1.03626832e-01  -1.63614437e-01  -1.51120295e-01   5.44552810e-01
    6.67067154e-01  -1.57498257e-01   8.06987148e-01   7.97242523e-01
    8.30105486e-01]
 [  6.83436094e+00   6.98444886e+00   7.31938989e+00   9.86135747e-01
   -6.34372242e-02  -1.22722358e-01  -1.12927722e-01   5.72876810e-01
    7.62113482e-01  -1.70072677e-01   8.06987148e-01   7.97242523e-01
    8.30105486e-01]
 [  6.89164862e+00   7.06066021e+00   7.30238263e+00   9.95868278e-01
   -2.23438554e-02  -8.12809838e-02  -7.41084799e-02   5.72876810e-01
    7.62113482e-01  -1.70072677e-01   8.30058237e-01   7.92997734e-01
    8.35170156e-01]
 [  6.90644472e+00   7.20684798e+00   6.02975541e+00   9.60837843e-01
    2.00221167e-01   4.98630009e-02   1.85076114e-01  -8.60362577e-02
    6.83613530e-01   5.32695887e-02   3.46001913e-01   1.14510875e-01
    1.65219950e-01]
 [  6.91504834e+00   7.13848663e+00   6.02442845e+00   9.65810589e-01
    1.83496242e-01   4.60105504e-02   1.77357376e-01  -8.60362577e-02
    6.83613530e-01   5.32695887e-02   3.23688052e-01   1.05691250e-01
    1.65767477e-01]
 [  6.92202547e+00   7.07454685e+00   6.02091942e+00   9.70318351e-01
    1.67277042e-01   4.22481019e-02   1.69545786e-01  -5.40068290e-02
    5.95780445e-01   1.77961302e-02   3.23688052e-01   1.05691250e-01
    1.65767477e-01]
 [  6.92742616e+00   7.01496881e+00   6.01913980e+00   9.74386629e-01
    1.51587861e-01   3.85718636e-02   1.61649711e-01  -5.40068290e-02
    5.95780445e-01   1.77961302e-02   3.01082333e-01   9.76544578e-02
    1.66385912e-01]
 [  6.93282684e+00   6.95539076e+00   6.01736019e+00   9.77961553e-01
    1.37019419e-01   3.50770595e-02   1.53655676e-01  -5.40068290e-02
    5.95780445e-01   1.77961302e-02   2.78340076e-01   9.00138510e-02
    1.67018994e-01]
 [  6.93822752e+00   6.89581272e+00   6.01558058e+00   9.81149460e-01
    1.22900237e-01   3.22582335e-02   1.45675840e-01  -5.40068290e-02
    5.95780445e-01   1.77961302e-02   2.85165674e-01   6.78993519e-02
    1.60669756e-01]
 [  6.94362820e+00   6.83623468e+00   6.01380096e+00   9.83977067e-01
    1.09254493e-01   3.00993609e-02   1.37712628e-01  -5.40068290e-02
    5.95780445e-01   1.77961302e-02   2.62175750e-01   6.10445072e-02
    1.61350565e-01]
 [  6.94902889e+00   6.77665663e+00   6.01202135e+00   9.86431249e-01
    9.67625581e-02   2.80981226e-02   1.29679363e-01  -5.40068290e-02
    5.95780445e-01   1.77961302e-02   2.39074111e-01   5.45798541e-02
    1.62065366e-01]
 [  6.95442957e+00   6.71707859e+00   6.01024174e+00   9.88556191e-01
    8.54333881e-02   2.62462211e-02   1.21584347e-01  -5.40068290e-02
    5.95780445e-01   1.77961302e-02   2.15866920e-01   4.85078703e-02
    1.62803722e-01]
 [  6.95983025e+00   6.65750054e+00   6.00846212e+00   9.90368629e-01
    7.46903087e-02   2.44135872e-02   1.14049759e-01  -5.40068290e-02
    5.95780445e-01   1.77961302e-02   2.14211653e-01   5.21646624e-02
    1.39142235e-01]
 [  6.96523094e+00   6.59792250e+00   6.00668251e+00   9.91901822e-01
    6.45499515e-02   2.25980806e-02   1.07069457e-01  -5.40068290e-02
    5.95780445e-01   1.77961302e-02   1.90824719e-01   4.68278286e-02
    1.39890746e-01]
 [  6.97063162e+00   6.53834445e+00   6.00490290e+00   9.93213170e-01
    5.55904482e-02   2.09075900e-02   1.00046452e-01  -5.40068290e-02
    5.95780445e-01   1.77961302e-02   1.67362040e-01   4.18328949e-02
    1.40628207e-01]
 [  6.97506318e+00   6.48369193e+00   6.00367266e+00   9.94363415e-01
    4.72135888e-02   1.92751877e-02   9.29979744e-02  -3.50354605e-02
    4.98172012e-01   7.20004729e-03   1.67362040e-01   4.18328949e-02
    1.40628207e-01]
 [  6.97856673e+00   6.43387473e+00   6.00295266e+00   9.95366841e-01
    3.94338320e-02   1.76953191e-02   8.59269379e-02  -3.50354605e-02
    4.98172012e-01   7.20004729e-03   1.43762505e-01   3.75239208e-02
    1.41324560e-01]
 [  6.98207027e+00   6.38405753e+00   6.00223265e+00   9.96218131e-01
    3.28443443e-02   1.62165231e-02   7.88256272e-02  -3.50354605e-02
    4.98172012e-01   7.20004729e-03   1.20101945e-01   3.35587238e-02
    1.41991787e-01]
 [  6.98557382e+00   6.33424033e+00   6.00151265e+00   9.96913702e-01
    2.68530386e-02   1.47658083e-02   7.23112397e-02  -3.50354605e-02
    4.98172012e-01   7.20004729e-03   1.19252991e-01   3.49289375e-02
    1.18046127e-01]
 [  6.98907736e+00   6.28442313e+00   6.00079264e+00   9.97476632e-01
    2.14730408e-02   1.33394888e-02   6.63749133e-02  -3.50354605e-02
    4.98172012e-01   7.20004729e-03   9.54932184e-02   3.15948904e-02
    1.18637997e-01]
 [  6.99193506e+00   6.23961009e+00   6.00028097e+00   9.97963490e-01
    1.66840951e-02   1.19528793e-02   6.04262467e-02  -2.24383578e-02
    3.99048781e-01   3.23747152e-03   9.54932184e-02   3.15948904e-02
    1.18637997e-01]
 [  6.99359189e+00   6.20471844e+00   6.00011577e+00   9.98389990e-01
    1.18941432e-02   1.05655478e-02   5.44739290e-02  -1.10073475e-02
    2.99749879e-01   2.60277929e-04   9.54932184e-02   3.15948904e-02
    1.18637997e-01]
 [  6.99469263e+00   6.17474345e+00   6.00008974e+00   9.98751648e-01
    7.70859362e-03   9.20934333e-03   4.85123012e-02  -1.10073475e-02
    2.99749879e-01   2.60277929e-04   7.16251812e-02   2.91235023e-02
    1.19087335e-01]
 [  6.99579336e+00   6.14476846e+00   6.00006371e+00   9.99053445e-01
    4.72114923e-03   7.91074152e-03   4.25371860e-02  -1.10073475e-02
    2.99749879e-01   2.60277929e-04   4.77281925e-02   2.69395713e-02
    1.19483847e-01]
 [  6.99689410e+00   6.11479348e+00   6.00003769e+00   9.99306115e-01
    2.93236002e-03   6.66269537e-03   3.65507524e-02  -1.10073475e-02
    2.99749879e-01   2.60277929e-04   2.38058318e-02   2.50431010e-02
    1.19825742e-01]
 [  6.99799483e+00   6.08481849e+00   6.00001166e+00   9.99498645e-01
    1.74077849e-03   5.43571385e-03   3.11643851e-02  -1.10073475e-02
    2.99749879e-01   2.60277929e-04   2.35121267e-02   2.51450638e-02
    9.58277672e-02]
 [  6.99879747e+00   6.05988466e+00   6.00000063e+00   9.99643763e-01
    5.52607150e-04   4.20732161e-03   2.63708106e-02  -5.26219208e-03
    1.99915785e-01   4.44656324e-06   2.35121267e-02   2.51450638e-02
    9.58277672e-02]
 [  6.99932369e+00   6.03989308e+00   6.00000018e+00   9.99763180e-01
   -2.97687718e-05   2.99378555e-03   2.15742718e-02  -5.26219208e-03
    1.99915785e-01   4.44656324e-06  -4.59625545e-04   2.39958234e-02
    9.59999438e-02]
 [  6.99964853e+00   6.02494747e+00   6.00000000e+00   9.99857969e-01
   -1.83070758e-05   1.79389364e-03   1.67751979e-02  -1.43274817e-03
    9.99895196e-02   0.00000000e+00  -4.59625545e-04   2.39958234e-02
    9.59999438e-02]
 [  6.99979180e+00   6.01494852e+00   6.00000000e+00   9.99920868e-01
   -6.01236153e-06   5.93968806e-04   1.25816686e-02  -1.43274817e-03
    9.99895196e-02   0.00000000e+00  -5.16631141e-04   2.39943869e-02
    7.20000173e-02]
 [  6.99993508e+00   6.00494957e+00   6.00000000e+00   9.99959791e-01
    0.00000000e+00   0.00000000e+00   8.98188039e-03  -1.43274817e-03
    9.99895196e-02   0.00000000e+00   0.00000000e+00   0.00000000e+00
    7.20000000e-02]
 [  7.00000000e+00   6.00000000e+00   6.00000000e+00   9.99985582e-01
    0.00000000e+00   0.00000000e+00   5.38197436e-03   0.00000000e+00
    0.00000000e+00   0.00000000e+00   0.00000000e+00   0.00000000e+00
    7.20000000e-02]
 [  7.00000000e+00   6.00000000e+00   6.00000000e+00   9.99997168e-01
    0.00000000e+00   0.00000000e+00   2.38799778e-03   0.00000000e+00
    0.00000000e+00   0.00000000e+00   0.00000000e+00   0.00000000e+00
    4.80000000e-02]
 [  7.00000000e+00   6.00000000e+00   6.00000000e+00   9.99999826e-01
    0.00000000e+00   0.00000000e+00   5.93999966e-04   0.00000000e+00
    0.00000000e+00   0.00000000e+00   0.00000000e+00   0.00000000e+00
    2.40000000e-02]
 [  7.00000000e+00   6.00000000e+00   6.00000000e+00   1.00000000e+00
    0.00000000e+00   0.00000000e+00   0.00000000e+00   0.00000000e+00
    0.00000000e+00   0.00000000e+00   0.00000000e+00   0.00000000e+00
    0.00000000e+00]
 [  7.00000000e+00   6.00000000e+00   6.00000000e+00   1.00000000e+00
    0.00000000e+00   0.00000000e+00   0.00000000e+00   0.00000000e+00
    0.00000000e+00   0.00000000e+00   0.00000000e+00   0.00000000e+00
    0.00000000e+00]
 [  7.00000000e+00   6.00000000e+00   6.00000000e+00   1.00000000e+00
    0.00000000e+00   0.00000000e+00   0.00000000e+00   0.00000000e+00
    0.00000000e+00   0.00000000e+00   0.00000000e+00   0.00000000e+00
    0.00000000e+00]
 [  7.00000000e+00   6.00000000e+00   6.00000000e+00   1.00000000e+00
    0.00000000e+00   0.00000000e+00   0.00000000e+00   0.00000000e+00
    0.00000000e+00   0.00000000e+00   0.00000000e+00   0.00000000e+00
    0.00000000e+00]
 [  7.00000000e+00   6.00000000e+00   6.00000000e+00   1.00000000e+00
    0.00000000e+00   0.00000000e+00   0.00000000e+00   0.00000000e+00
    0.00000000e+00   0.00000000e+00   0.00000000e+00   0.00000000e+00
    0.00000000e+00]
 [  7.00000000e+00   6.00000000e+00   6.00000000e+00   1.00000000e+00
    0.00000000e+00   0.00000000e+00   0.00000000e+00   0.00000000e+00
    0.00000000e+00   0.00000000e+00   0.00000000e+00   0.00000000e+00
    0.00000000e+00]
 [  7.00000000e+00   6.00000000e+00   6.00000000e+00   1.00000000e+00
    0.00000000e+00   0.00000000e+00   0.00000000e+00   0.00000000e+00
    0.00000000e+00   0.00000000e+00   0.00000000e+00   0.00000000e+00
    0.00000000e+00]
 [  7.00000000e+00   6.00000000e+00   6.00000000e+00   1.00000000e+00
    0.00000000e+00   0.00000000e+00   0.00000000e+00   0.00000000e+00
    0.00000000e+00   0.00000000e+00   0.00000000e+00   0.00000000e+00
    0.00000000e+00]
 [  7.00000000e+00   6.00000000e+00   6.00000000e+00   1.00000000e+00
    0.00000000e+00   0.00000000e+00   0.00000000e+00   0.00000000e+00
    0.00000000e+00   0.00000000e+00   0.00000000e+00   0.00000000e+00
    0.00000000e+00]
 [  7.00000000e+00   6.00000000e+00   6.00000000e+00   1.00000000e+00
    0.00000000e+00   0.00000000e+00   0.00000000e+00   0.00000000e+00
    0.00000000e+00   0.00000000e+00   0.00000000e+00   0.00000000e+00
    0.00000000e+00]
 [  7.00000000e+00   6.00000000e+00   6.00000000e+00   1.00000000e+00
    0.00000000e+00   0.00000000e+00   0.00000000e+00   0.00000000e+00
    0.00000000e+00   0.00000000e+00   0.00000000e+00   0.00000000e+00
    0.00000000e+00]
 [  7.00000000e+00   6.00000000e+00   6.00000000e+00   1.00000000e+00
    0.00000000e+00   0.00000000e+00   0.00000000e+00   0.00000000e+00
    0.00000000e+00   0.00000000e+00   0.00000000e+00   0.00000000e+00
    0.00000000e+00]
 [  7.00000000e+00   6.00000000e+00   6.00000000e+00   1.00000000e+00
    0.00000000e+00   0.00000000e+00   0.00000000e+00   0.00000000e+00
    0.00000000e+00   0.00000000e+00   0.00000000e+00   0.00000000e+00
    0.00000000e+00]
 [  7.00000000e+00   6.00000000e+00   6.00000000e+00   1.00000000e+00
    0.00000000e+00   0.00000000e+00   0.00000000e+00   0.00000000e+00
    0.00000000e+00   0.00000000e+00   0.00000000e+00   0.00000000e+00
    0.00000000e+00]
 [  7.00000000e+00   6.00000000e+00   6.00000000e+00   1.00000000e+00
    0.00000000e+00   0.00000000e+00   0.00000000e+00   0.00000000e+00
    0.00000000e+00   0.00000000e+00   0.00000000e+00   0.00000000e+00
    0.00000000e+00]
 [  7.00000000e+00   6.00000000e+00   6.00000000e+00   1.00000000e+00
    0.00000000e+00   0.00000000e+00   0.00000000e+00   0.00000000e+00
    0.00000000e+00   0.00000000e+00   0.00000000e+00   0.00000000e+00
    0.00000000e+00]
 [  7.00000000e+00   6.00000000e+00   6.00000000e+00   1.00000000e+00
    0.00000000e+00   0.00000000e+00   0.00000000e+00   0.00000000e+00
    0.00000000e+00   0.00000000e+00   0.00000000e+00   0.00000000e+00
    0.00000000e+00]
 [  7.00000000e+00   6.00000000e+00   6.00000000e+00   1.00000000e+00
    0.00000000e+00   0.00000000e+00   0.00000000e+00   0.00000000e+00
    0.00000000e+00   0.00000000e+00   0.00000000e+00   0.00000000e+00
    0.00000000e+00]
 [  7.00000000e+00   6.00000000e+00   6.00000000e+00   1.00000000e+00
    0.00000000e+00   0.00000000e+00   0.00000000e+00   0.00000000e+00
    0.00000000e+00   0.00000000e+00   0.00000000e+00   0.00000000e+00
    0.00000000e+00]
 [  7.00000000e+00   6.00000000e+00   6.00000000e+00   1.00000000e+00
    0.00000000e+00   0.00000000e+00   0.00000000e+00   0.00000000e+00
    0.00000000e+00   0.00000000e+00   0.00000000e+00   0.00000000e+00
    0.00000000e+00]
 [  7.00000000e+00   6.00000000e+00   6.00000000e+00   1.00000000e+00
    0.00000000e+00   0.00000000e+00   0.00000000e+00   0.00000000e+00
    0.00000000e+00   0.00000000e+00   0.00000000e+00   0.00000000e+00
    0.00000000e+00]
 [  7.00000000e+00   6.00000000e+00   6.00000000e+00   1.00000000e+00
    0.00000000e+00   0.00000000e+00   0.00000000e+00   0.00000000e+00
    0.00000000e+00   0.00000000e+00   0.00000000e+00   0.00000000e+00
    0.00000000e+00]
 [  7.00000000e+00   6.00000000e+00   6.00000000e+00   1.00000000e+00
    0.00000000e+00   0.00000000e+00   0.00000000e+00   0.00000000e+00
    0.00000000e+00   0.00000000e+00   0.00000000e+00   0.00000000e+00
    0.00000000e+00]
 [  7.00000000e+00   6.00000000e+00   6.00000000e+00   1.00000000e+00
    0.00000000e+00   0.00000000e+00   0.00000000e+00   0.00000000e+00
    0.00000000e+00   0.00000000e+00   0.00000000e+00   0.00000000e+00
    0.00000000e+00]
 [  7.00000000e+00   6.00000000e+00   6.00000000e+00   1.00000000e+00
    0.00000000e+00   0.00000000e+00   0.00000000e+00   0.00000000e+00
    0.00000000e+00   0.00000000e+00   0.00000000e+00   0.00000000e+00
    0.00000000e+00]
 [  7.00000000e+00   6.00000000e+00   6.00000000e+00   1.00000000e+00
    0.00000000e+00   0.00000000e+00   0.00000000e+00   0.00000000e+00
    0.00000000e+00   0.00000000e+00   0.00000000e+00   0.00000000e+00
    0.00000000e+00]
 [  7.00000000e+00   6.00000000e+00   6.00000000e+00   1.00000000e+00
    0.00000000e+00   0.00000000e+00   0.00000000e+00   0.00000000e+00
    0.00000000e+00   0.00000000e+00   0.00000000e+00   0.00000000e+00
    0.00000000e+00]
 [  7.00000000e+00   6.00000000e+00   6.00000000e+00   1.00000000e+00
    0.00000000e+00   0.00000000e+00   0.00000000e+00   0.00000000e+00
    0.00000000e+00   0.00000000e+00   0.00000000e+00   0.00000000e+00
    0.00000000e+00]
 [  7.00000000e+00   6.00000000e+00   6.00000000e+00   1.00000000e+00
    0.00000000e+00   0.00000000e+00   0.00000000e+00   0.00000000e+00
    0.00000000e+00   0.00000000e+00   0.00000000e+00   0.00000000e+00
    0.00000000e+00]
 [  7.00000000e+00   6.00000000e+00   6.00000000e+00   1.00000000e+00
    0.00000000e+00   0.00000000e+00   0.00000000e+00   0.00000000e+00
    0.00000000e+00   0.00000000e+00   0.00000000e+00   0.00000000e+00
    0.00000000e+00]
 [  7.00000000e+00   6.00000000e+00   6.00000000e+00   1.00000000e+00
    0.00000000e+00   0.00000000e+00   0.00000000e+00   0.00000000e+00
    0.00000000e+00   0.00000000e+00   0.00000000e+00   0.00000000e+00
    0.00000000e+00]
 [  7.00000000e+00   6.00000000e+00   6.00000000e+00   1.00000000e+00
    0.00000000e+00   0.00000000e+00   0.00000000e+00   0.00000000e+00
    0.00000000e+00   0.00000000e+00   0.00000000e+00   0.00000000e+00
    0.00000000e+00]
 [  7.00000000e+00   6.00000000e+00   6.00000000e+00   1.00000000e+00
    0.00000000e+00   0.00000000e+00   0.00000000e+00   0.00000000e+00
    0.00000000e+00   0.00000000e+00   0.00000000e+00   0.00000000e+00
    0.00000000e+00]
 [  7.00000000e+00   6.00000000e+00   6.00000000e+00   1.00000000e+00
    0.00000000e+00   0.00000000e+00   0.00000000e+00   0.00000000e+00
    0.00000000e+00   0.00000000e+00   0.00000000e+00   0.00000000e+00
    0.00000000e+00]
 [  7.00000000e+00   6.00000000e+00   6.00000000e+00   1.00000000e+00
    0.00000000e+00   0.00000000e+00   0.00000000e+00   0.00000000e+00
    0.00000000e+00   0.00000000e+00   0.00000000e+00   0.00000000e+00
    0.00000000e+00]
 [  7.00000000e+00   6.00000000e+00   6.00000000e+00   1.00000000e+00
    0.00000000e+00   0.00000000e+00   0.00000000e+00   0.00000000e+00
    0.00000000e+00   0.00000000e+00   0.00000000e+00   0.00000000e+00
    0.00000000e+00]
 [  7.00000000e+00   6.00000000e+00   6.00000000e+00   1.00000000e+00
    0.00000000e+00   0.00000000e+00   0.00000000e+00   0.00000000e+00
    0.00000000e+00   0.00000000e+00   0.00000000e+00   0.00000000e+00
    0.00000000e+00]
 [  7.00000000e+00   6.00000000e+00   6.00000000e+00   1.00000000e+00
    0.00000000e+00   0.00000000e+00   0.00000000e+00   0.00000000e+00
    0.00000000e+00   0.00000000e+00   0.00000000e+00   0.00000000e+00
    0.00000000e+00]
 [  7.00000000e+00   6.00000000e+00   6.00000000e+00   1.00000000e+00
    0.00000000e+00   0.00000000e+00   0.00000000e+00   0.00000000e+00
    0.00000000e+00   0.00000000e+00   0.00000000e+00   0.00000000e+00
    0.00000000e+00]
 [  7.00000000e+00   6.00000000e+00   6.00000000e+00   1.00000000e+00
    0.00000000e+00   0.00000000e+00   0.00000000e+00   0.00000000e+00
    0.00000000e+00   0.00000000e+00   0.00000000e+00   0.00000000e+00
    0.00000000e+00]
 [  7.00000000e+00   6.00000000e+00   6.00000000e+00   1.00000000e+00
    0.00000000e+00   0.00000000e+00   0.00000000e+00   0.00000000e+00
    0.00000000e+00   0.00000000e+00   0.00000000e+00   0.00000000e+00
    0.00000000e+00]
 [  7.00000000e+00   6.00000000e+00   6.00000000e+00   1.00000000e+00
    0.00000000e+00   0.00000000e+00   0.00000000e+00   0.00000000e+00
    0.00000000e+00   0.00000000e+00   0.00000000e+00   0.00000000e+00
    0.00000000e+00]
 [  7.00000000e+00   6.00000000e+00   6.00000000e+00   1.00000000e+00
    0.00000000e+00   0.00000000e+00   0.00000000e+00   0.00000000e+00
    0.00000000e+00   0.00000000e+00   0.00000000e+00   0.00000000e+00
    0.00000000e+00]
 [  7.00000000e+00   6.00000000e+00   6.00000000e+00   1.00000000e+00
    0.00000000e+00   0.00000000e+00   0.00000000e+00   0.00000000e+00
    0.00000000e+00   0.00000000e+00   0.00000000e+00   0.00000000e+00
    0.00000000e+00]
 [  7.00000000e+00   6.00000000e+00   6.00000000e+00   1.00000000e+00
    0.00000000e+00   0.00000000e+00   0.00000000e+00   0.00000000e+00
    0.00000000e+00   0.00000000e+00   0.00000000e+00   0.00000000e+00
    0.00000000e+00]
 [  7.00000000e+00   6.00000000e+00   6.00000000e+00   1.00000000e+00
    0.00000000e+00   0.00000000e+00   0.00000000e+00   0.00000000e+00
    0.00000000e+00   0.00000000e+00   0.00000000e+00   0.00000000e+00
    0.00000000e+00]
 [  7.00000000e+00   6.00000000e+00   6.00000000e+00   1.00000000e+00
    0.00000000e+00   0.00000000e+00   0.00000000e+00   0.00000000e+00
    0.00000000e+00   0.00000000e+00   0.00000000e+00   0.00000000e+00
    0.00000000e+00]
 [  7.00000000e+00   6.00000000e+00   6.00000000e+00   1.00000000e+00
    0.00000000e+00   0.00000000e+00   0.00000000e+00   0.00000000e+00
    0.00000000e+00   0.00000000e+00   0.00000000e+00   0.00000000e+00
    0.00000000e+00]
 [  7.00000000e+00   6.00000000e+00   6.00000000e+00   1.00000000e+00
    0.00000000e+00   0.00000000e+00   0.00000000e+00   0.00000000e+00
    0.00000000e+00   0.00000000e+00   0.00000000e+00   0.00000000e+00
    0.00000000e+00]
 [  7.00000000e+00   6.00000000e+00   6.00000000e+00   1.00000000e+00
    0.00000000e+00   0.00000000e+00   0.00000000e+00   0.00000000e+00
    0.00000000e+00   0.00000000e+00   0.00000000e+00   0.00000000e+00
    0.00000000e+00]
 [  7.00000000e+00   6.00000000e+00   6.00000000e+00   1.00000000e+00
    0.00000000e+00   0.00000000e+00   0.00000000e+00   0.00000000e+00
    0.00000000e+00   0.00000000e+00   0.00000000e+00   0.00000000e+00
    0.00000000e+00]
 [  7.00000000e+00   6.00000000e+00   6.00000000e+00   1.00000000e+00
    0.00000000e+00   0.00000000e+00   0.00000000e+00   0.00000000e+00
    0.00000000e+00   0.00000000e+00   0.00000000e+00   0.00000000e+00
    0.00000000e+00]
 [  7.00000000e+00   6.00000000e+00   6.00000000e+00   1.00000000e+00
    0.00000000e+00   0.00000000e+00   0.00000000e+00   0.00000000e+00
    0.00000000e+00   0.00000000e+00   0.00000000e+00   0.00000000e+00
    0.00000000e+00]]