[[  2.00000000e+00   2.00000000e+00   2.00000000e+00   1.00000000e+00
    0.00000000e+00   0.00000000e+00   0.00000000e+00   0.00000000e+00
    0.00000000e+00   0.00000000e+00   7.85398163e-01   7.85398163e-01
    7.85398163e-01]
 [  1.99987558e+00   2.00494507e+00   2.00012935e+00   9.97710783e-01
    3.92405373e-02   3.92405373e-02   3.92405373e-02  -3.78072549e-03
    9.97976357e-02   3.98308976e-03   7.85398163e-01   7.85398163e-01
    7.85398163e-01]
 [  1.99901239e+00   2.01981958e+00   2.00106803e+00   9.90807346e-01
    7.83014143e-02   7.83014143e-02   7.83014143e-02  -1.47213189e-02
    1.98373272e-01   1.63480468e-02   7.85398163e-01   7.85398163e-01
    7.85398163e-01]
 [  1.99673387e+00   2.04444138e+00   2.00367475e+00   9.79321404e-01
    1.17001978e-01   1.17001978e-01   1.17001978e-01  -3.20043136e-02
    2.94521174e-01   3.74831397e-02   7.85398163e-01   7.85398163e-01
    7.85398163e-01]
 [  1.99245114e+00   2.07850976e+00   2.00883910e+00   9.63305863e-01
    1.55163233e-01   1.55163233e-01   1.55163233e-01  -5.46949451e-02
    3.87080297e-01   6.76146479e-02   7.85398163e-01   7.85398163e-01
    7.85398163e-01]
 [  1.98567390e+00   2.12161100e+00   2.01746510e+00   9.42834580e-01
    1.92608670e-01   1.92608670e-01   1.92608670e-01  -8.17584125e-02
    4.74955746e-01   1.06802666e-01   7.85398163e-01   7.85398163e-01
    7.85398163e-01]
 [  1.97601951e+00   2.17322601e+00   2.03045448e+00   9.18002024e-01
    2.29165083e-01   2.29165083e-01   2.29165083e-01  -1.12078990e-01
    5.57139011e-01   1.54939979e-01   7.85398163e-01   7.85398163e-01
    7.85398163e-01]
 [  1.96322005e+00   2.23273991e+00   2.04869004e+00   8.88922835e-01
    2.64663366e-01   2.64663366e-01   2.64663366e-01  -1.44480636e-01
    6.32726610e-01   2.11754025e-01   7.85398163e-01   7.85398163e-01
    7.85398163e-01]
 [  1.94712732e+00   2.29945336e+00   2.07301933e+00   8.55731299e-01
    2.98939304e-01   2.98939304e-01   2.98939304e-01  -1.77748717e-01
    7.00936797e-01   2.76811920e-01   7.85398163e-01   7.85398163e-01
    7.85398163e-01]
 [  1.92771555e+00   2.37259546e+00   2.10423899e+00   8.18580727e-01
    3.31834323e-01   3.31834323e-01   3.31834323e-01  -2.10652449e-01
    7.61124011e-01   3.49528438e-01   7.85398163e-01   7.85398163e-01
    7.85398163e-01]
 [  1.90665030e+00   2.44870786e+00   2.13919184e+00   7.77427051e-01
    3.62987307e-01   3.63669443e-01   3.63393928e-01  -2.10652449e-01
    7.61124011e-01   3.49528438e-01   7.77872861e-01   7.97801066e-01
    8.04520931e-01]
 [  1.88414518e+00   2.52701420e+00   2.17834138e+00   7.32400973e-01
    3.92219978e-01   3.94275118e-01   3.93458886e-01  -2.39170026e-01
    8.03936337e-01   4.35255534e-01   7.77872861e-01   7.97801066e-01
    8.04520931e-01]
 [  1.85897501e+00   2.60915598e+00   2.22632520e+00   6.83915602e-01
    4.19602626e-01   4.23021133e-01   4.21668012e-01  -2.63725000e-01
    8.37729327e-01   5.26095348e-01   7.77872861e-01   7.97801066e-01
    8.04520931e-01]
 [  1.83159083e+00   2.69423013e+00   2.28360270e+00   6.32199641e-01
    4.45005909e-01   4.49771711e-01   4.47888063e-01  -2.83224906e-01
    8.62508913e-01   6.20985720e-01   7.77872861e-01   7.97801066e-01
    8.04520931e-01]
 [  1.80254838e+00   2.78134261e+00   2.35052313e+00   5.77497054e-01
    4.68309821e-01   4.74400486e-01   4.71995177e-01  -2.96672487e-01
    8.78450961e-01   7.18788026e-01   7.77872861e-01   7.97801066e-01
    8.04520931e-01]
 [  1.77249765e+00   2.86962527e+00   2.42731896e+00   5.20065913e-01
    4.89404262e-01   4.96791103e-01   4.93875461e-01  -3.03184500e-01
    8.85897964e-01   8.18308649e-01   7.77872861e-01   7.97801066e-01
    8.04520931e-01]
 [  1.74217060e+00   2.95825216e+00   2.51410151e+00   4.60177183e-01
    5.08189554e-01   5.16837764e-01   5.13425529e-01  -3.02008394e-01
    8.85352599e-01   9.18321484e-01   7.77872861e-01   7.97801066e-01
    8.04520931e-01]
 [  1.71236736e+00   3.04645520e+00   2.61085882e+00   3.98113442e-01
    5.24576917e-01   5.34445733e-01   5.30552988e-01  -2.92536509e-01
    8.77468265e-01   1.01759106e+00   7.77872861e-01   7.97801066e-01
    8.04520931e-01]
 [  1.68394122e+00   3.13353859e+00   2.71745590e+00   3.34167548e-01
    5.38488883e-01   5.49531778e-01   5.45176876e-01  -2.74317552e-01
    8.63036775e-01   1.11489583e+00   7.77872861e-01   7.97801066e-01
    8.04520931e-01]
 [  1.65778244e+00   3.21889195e+00   2.83363721e+00   2.68641256e-01
    5.49859666e-01   5.62024570e-01   5.57228046e-01  -2.47065122e-01
    8.42973429e-01   1.20905122e+00   7.77872861e-01   7.97801066e-01
    8.04520931e-01]
 [  1.63480156e+00   3.30200186e+00   2.95903154e+00   2.01843798e-01
    5.58635473e-01   5.71865017e-01   5.66649490e-01  -2.10663129e-01
    8.18299772e-01   1.29893198e+00   7.77872861e-01   7.97801066e-01
    8.04520931e-01]
 [  1.61155831e+00   3.38520215e+00   3.08469052e+00   1.34090418e-01
    5.64774757e-01   5.79006544e-01   5.73396613e-01  -2.56158262e-01
    8.46475210e-01   1.21437057e+00   7.77872861e-01   7.97801066e-01
    8.04520931e-01]
 [  1.58856085e+00   3.46835416e+00   3.21005914e+00   6.57008890e-02
    5.68248413e-01   5.83415311e-01   5.77437439e-01  -2.01797881e-01
    8.15972608e-01   1.29266817e+00   7.77872861e-01   7.97801066e-01
    8.04520931e-01]
 [  1.56838106e+00   3.54995142e+00   3.33932595e+00  -3.34019680e-03
    5.69057059e-01   5.85406464e-01   5.78394509e-01  -2.01797881e-01
    8.15972608e-01   1.29266817e+00   7.69354421e-01   8.14677275e-01
    8.19452725e-01]
 [  1.55164618e+00   3.62999084e+00   3.47179614e+00  -7.27126976e-02
    5.67147031e-01   5.84940387e-01   5.76218806e-01  -1.30903821e-01
    7.84657783e-01   1.35600645e+00   7.69354421e-01   8.14677275e-01
    8.19452725e-01]
 [  1.53855580e+00   3.70845662e+00   3.60739679e+00  -1.42078011e-01
    5.62845874e-01   5.81309759e-01   5.71202495e-01  -1.30903821e-01
    7.84657783e-01   1.35600645e+00   7.81950910e-01   8.33703574e-01
    8.11709164e-01]
 [  1.52960946e+00   3.78555427e+00   3.74534572e+00  -2.11097855e-01
    5.56144769e-01   5.74488965e-01   5.63318097e-01  -4.61721594e-02
    7.57571651e-01   1.40190233e+00   7.81950910e-01   8.33703574e-01
    8.11709164e-01]
 [  1.52941685e+00   3.86012532e+00   3.88742701e+00  -2.79084271e-01
    5.46711797e-01   5.64846199e-01   5.52666542e-01   4.40444730e-02
    7.34359391e-01   1.43853534e+00   7.81950910e-01   8.33703574e-01
    8.11709164e-01]
 [  1.53847099e+00   3.93261371e+00   4.03270973e+00  -3.45703289e-01
    5.34593153e-01   5.52428684e-01   5.39300008e-01   1.38608956e-01
    7.16148915e-01   1.46584244e+00   7.81950910e-01   8.33703574e-01
    8.11709164e-01]
 [  1.55233189e+00   4.00422860e+00   4.17929398e+00  -4.10938790e-01
    5.20167605e-01   5.36971610e-01   5.23057074e-01   1.38608956e-01
    7.16148915e-01   1.46584244e+00   7.85505067e-01   8.57253343e-01
    8.08031794e-01]
 [  1.57111059e+00   4.07552167e+00   4.32639623e+00  -4.74445434e-01
    5.03475482e-01   5.18512289e-01   5.03965679e-01   2.38158558e-01
    7.10882546e-01   1.47480255e+00   7.85505067e-01   8.57253343e-01
    8.08031794e-01]
 [  1.59492645e+00   4.14660992e+00   4.47387649e+00  -5.35865043e-01
    4.84558399e-01   4.97148533e-01   4.82045925e-01   2.38158558e-01
    7.10882546e-01   1.47480255e+00   7.84861666e-01   8.81335997e-01
    8.07870765e-01]
 [  1.62366447e+00   4.21816084e+00   4.62102795e+00  -5.94854134e-01
    4.63480441e-01   4.72951840e-01   4.57356899e-01   3.37329922e-01
    7.21683042e-01   1.46683328e+00   7.84861666e-01   8.81335997e-01
    8.07870765e-01]
 [  1.65739747e+00   4.29032915e+00   4.76771128e+00  -6.51066364e-01
    4.39660127e-01   4.46597805e-01   4.30044183e-01   3.37329922e-01
    7.21683042e-01   1.46683328e+00   7.89216925e-01   8.78004008e-01
    8.31315432e-01]
 [  1.69578127e+00   4.36385558e+00   4.91336250e+00  -7.04171326e-01
    4.13171872e-01   4.18192008e-01   4.00219232e-01   4.30555005e-01
    7.50714558e-01   1.44499190e+00   7.89216925e-01   8.78004008e-01
    8.31315432e-01]
 [  1.74325175e+00   4.44075482e+00   5.05655740e+00  -7.53610344e-01
    3.84529623e-01   3.87605962e-01   3.68307596e-01   5.18804494e-01
    7.89235101e-01   1.41785177e+00   7.89216925e-01   8.78004008e-01
    8.31315432e-01]
 [  1.79925105e+00   4.52197279e+00   5.19682653e+00  -7.99125651e-01
    3.53882493e-01   3.54998906e-01   3.34475424e-01   6.00879710e-01
    8.37150922e-01   1.38664986e+00   7.89216925e-01   8.78004008e-01
    8.31315432e-01]
 [  1.85933902e+00   4.60568788e+00   5.33549151e+00  -8.40657690e-01
    3.21590154e-01   3.20329836e-01   2.98410127e-01   6.00879710e-01
    8.37150922e-01   1.38664986e+00   7.81026396e-01   8.96473432e-01
    8.44351103e-01]
 [  1.92279218e+00   4.69258579e+00   5.47240741e+00  -8.77927358e-01
    2.87796038e-01   2.83760000e-01   2.60261222e-01   6.67391668e-01
    9.02862111e-01   1.35117700e+00   7.81026396e-01   8.96473432e-01
    8.44351103e-01]
 [  1.99245184e+00   4.78645808e+00   5.60575919e+00  -9.10533461e-01
    2.52470699e-01   2.45680241e-01   2.20727190e-01   7.24804008e-01
    9.76592014e-01   1.31560703e+00   7.81026396e-01   8.96473432e-01
    8.44351103e-01]
 [  2.06493224e+00   4.88411728e+00   5.73731990e+00  -9.38425880e-01
    2.15674111e-01   2.05742639e-01   1.80158753e-01   7.24804008e-01
    9.76592014e-01   1.31560703e+00   7.92483694e-01   9.15903241e-01
    8.36118882e-01]
 [  2.13741264e+00   4.98177648e+00   5.86888060e+00  -9.61306250e-01
    1.77482255e-01   1.64254442e-01   1.39320575e-01   7.24804008e-01
    9.76592014e-01   1.31560703e+00   7.99423796e-01   9.05495892e-01
    8.15628581e-01]
 [  2.21134566e+00   5.08395816e+00   5.99905251e+00  -9.78975371e-01
    1.38233842e-01   1.22004998e-01   9.83159379e-02   7.52466934e-01
    1.06870184e+00   1.28837132e+00   7.99423796e-01   9.05495892e-01
    8.15628581e-01]
 [  2.28563228e+00   5.18610656e+00   6.12901696e+00  -9.91448620e-01
    9.82495409e-02   7.91056565e-02   5.67872207e-02   7.34723331e-01
    9.72775771e-01   1.31012198e+00   7.99423796e-01   9.05495892e-01
    8.15628581e-01]
 [  2.35910461e+00   5.28338414e+00   6.26002916e+00  -9.98668122e-01
    5.77792318e-02   3.57321637e-02   1.43638820e-02   7.34723331e-01
    9.72775771e-01   1.31012198e+00   7.96810317e-01   9.09340162e-01
    8.39162930e-01]
 [  2.43256380e+00   5.37573322e+00   6.39148049e+00  -1.00051772e+00
    1.70263696e-02  -7.87985241e-03  -2.87425931e-02   7.35983999e-01
    8.73127267e-01   1.31763410e+00   7.96810317e-01   9.09340162e-01
    8.39162930e-01]
 [  2.50658556e+00   5.45811613e+00   6.52327002e+00  -9.96951913e-01
   -2.38208581e-02  -5.14515788e-02  -7.16958273e-02   7.45930394e-01
    7.73688411e-01   1.31667218e+00   7.96810317e-01   9.09340162e-01
    8.39162930e-01]
 [  2.58117859e+00   5.53548497e+00   6.65493724e+00  -9.87951174e-01
   -6.51311939e-02  -9.47967712e-02  -1.14222850e-01   7.45930394e-01
    7.73688411e-01   1.31667218e+00   8.20129950e-01   9.13923297e-01
    8.35890857e-01]
 [  2.65693156e+00   5.60812919e+00   6.78569905e+00  -9.73488567e-01
   -1.06686147e-01  -1.37683346e-01  -1.56075454e-01   7.70394022e-01
    6.78861776e-01   1.29669169e+00   8.20129950e-01   9.13923297e-01
    8.35890857e-01]
 [  2.73541327e+00   5.67149465e+00   6.91396284e+00  -9.53657277e-01
   -1.47655118e-01  -1.79813092e-01  -1.97069757e-01   8.00345617e-01
    5.88371625e-01   1.26658592e+00   8.20129950e-01   9.13923297e-01
    8.35890857e-01]
 [  2.81710694e+00   5.72607714e+00   7.03871249e+00  -9.28566359e-01
   -1.87812169e-01  -2.20953659e-01  -2.36979664e-01   8.34442289e-01
    5.03454950e-01   1.22632000e+00   8.20129950e-01   9.13923297e-01
    8.35890857e-01]
 [  2.90055116e+00   5.77642264e+00   7.16134449e+00  -8.98199730e-01
   -2.26783071e-01  -2.61420540e-01  -2.75700130e-01   8.34442289e-01
    5.03454950e-01   1.22632000e+00   8.11269450e-01   9.32715699e-01
    8.47953327e-01]
 [  2.98587321e+00   5.82320721e+00   7.28109363e+00  -8.62653433e-01
   -2.64325977e-01  -3.00977246e-01  -3.13008675e-01   8.72450483e-01
    4.32877063e-01   1.16651515e+00   8.11269450e-01   9.32715699e-01
    8.47953327e-01]
 [  3.07311826e+00   5.86649491e+00   7.39774514e+00  -8.22060508e-01
   -3.00187160e-01  -3.39346318e-01  -3.48720531e-01   8.72450483e-01
    4.32877063e-01   1.16651515e+00   8.02180041e-01   9.47648430e-01
    8.64479503e-01]
 [  3.16215577e+00   5.90707685e+00   7.51065401e+00  -7.76580719e-01
   -3.34132415e-01  -3.76290142e-01  -3.82620911e-01   9.08211925e-01
    3.79774874e-01   1.08961383e+00   8.02180041e-01   9.47648430e-01
    8.64479503e-01]
 [  3.25461237e+00   5.94281254e+00   7.61550990e+00  -7.26656619e-01
   -3.66168518e-01  -4.11083861e-01  -4.14334803e-01   9.40549413e-01
    3.36092703e-01   1.00556386e+00   8.02180041e-01   9.47648430e-01
    8.64479503e-01]
 [  3.35007326e+00   5.97465418e+00   7.71165394e+00  -6.72573497e-01
   -3.96112126e-01  -4.43528347e-01  -4.43680692e-01   9.68016154e-01
    3.01999940e-01   9.15522085e-01   8.02180041e-01   9.47648430e-01
    8.64479503e-01]
 [  3.44798419e+00   6.00356010e+00   7.79854998e+00  -6.14640448e-01
   -4.23791856e-01  -4.73437897e-01  -4.70490597e-01   9.89276429e-01
    2.77446995e-01   8.20782330e-01   8.02180041e-01   9.47648430e-01
    8.64479503e-01]
 [  3.54766410e+00   6.03047283e+00   7.87579681e+00  -5.53188603e-01
   -4.49049262e-01  -5.00641297e-01  -4.94611030e-01   1.00313612e+00
    2.62166406e-01   7.22745848e-01   8.02180041e-01   9.47648430e-01
    8.64479503e-01]
 [  3.64832068e+00   6.05629761e+00   7.94313738e+00  -4.88569240e-01
   -4.71739744e-01  -5.24982799e-01  -5.15903881e-01   1.00857000e+00
    2.55678928e-01   6.22889331e-01   8.02180041e-01   9.47648430e-01
    8.64479503e-01]
 [  3.74906842e+00   6.08188170e+00   8.00046463e+00  -4.21151772e-01
   -4.91733374e-01  -5.46323018e-01  -5.34247200e-01   1.00474520e+00
    2.57304452e-01   5.22731174e-01   8.02180041e-01   9.47648430e-01
    8.64479503e-01]
 [  3.84894887e+00   6.10799503e+00   8.04782399e+00  -3.51321638e-01
   -5.08915644e-01  -5.64539723e-01  -5.49535904e-01   9.91040228e-01
    2.66177525e-01   4.23796798e-01   8.02180041e-01   9.47648430e-01
    8.64479503e-01]
 [  3.94695250e+00   6.13531261e+00   8.08541234e+00  -2.79478098e-01
   -5.23188118e-01  -5.79528545e-01  -5.61682372e-01   9.67059199e-01
    2.81267098e-01   3.27583791e-01   8.02180041e-01   9.47648430e-01
    8.64479503e-01]
 [  4.04204172e+00   6.16439909e+00   8.11357355e+00  -2.06031953e-01
   -5.34468996e-01  -5.91203570e-01  -5.70616953e-01   9.32640924e-01
    3.01400063e-01   2.35527700e-01   8.02180041e-01   9.47648430e-01
    8.64479503e-01]
 [  4.13317466e+00   6.19569588e+00   8.13279059e+00  -1.31403190e-01
   -5.42693585e-01  -5.99497831e-01  -5.76288360e-01   8.87862603e-01
    3.25288040e-01   1.48969220e-01   8.02180041e-01   9.47648430e-01
    8.64479503e-01]
 [  4.21932890e+00   6.22951104e+00   8.14367454e+00  -5.60185861e-02
   -5.47814670e-01  -6.04363695e-01  -5.78663968e-01   8.33038089e-01
    3.51556797e-01   6.91235571e-02   8.02180041e-01   9.47648430e-01
    8.64479503e-01]
 [  4.29952484e+00   6.26601225e+00   8.14695063e+00   1.96907336e-02
   -5.49802783e-01  -6.05773137e-01  -5.77730002e-01   7.68710752e-01
    3.78777636e-01  -2.94734862e-03   8.02180041e-01   9.47648430e-01
    8.64479503e-01]
 [  4.37284810e+00   6.30522297e+00   8.14344169e+00   9.52917629e-02
   -5.48646373e-01  -6.03717896e-01  -5.73491615e-01   6.95641086e-01
    4.05500025e-01  -6.63591048e-02   8.02180041e-01   9.47648430e-01
    8.64479503e-01]
 [  4.44241221e+00   6.34577297e+00   8.13680578e+00   1.70015152e-01
   -5.43996088e-01  -5.98551547e-01  -5.66054187e-01   6.95641086e-01
    4.05500025e-01  -6.63591048e-02   7.90992990e-01   9.27560333e-01
    8.72399044e-01]
 [  4.51197632e+00   6.38632297e+00   8.13016987e+00   2.43123038e-01
   -5.36034699e-01  -5.90019001e-01  -5.55886348e-01   6.95641086e-01
    4.05500025e-01  -6.63591048e-02   7.99295691e-01   9.17669115e-01
    8.51781348e-01]
 [  4.58154043e+00   6.42687298e+00   8.12353396e+00   3.14221071e-01
   -5.25584363e-01  -5.78045417e-01  -5.42695675e-01   6.95641086e-01
    4.05500025e-01  -6.63591048e-02   7.76867070e-01   9.21880884e-01
    8.43460027e-01]
 [  4.65110453e+00   6.46742298e+00   8.11689805e+00   3.82952110e-01
   -5.12279312e-01  -5.63435743e-01  -5.26441324e-01   6.95641086e-01
    4.05500025e-01  -6.63591048e-02   7.73129693e-01   8.98344678e-01
    8.48215866e-01]
 [  4.71578138e+00   6.50825183e+00   8.10941828e+00   4.49325649e-01
   -4.95893108e-01  -5.46143485e-01  -5.07602008e-01   5.96615313e-01
    4.09921678e-01  -8.18560702e-02   7.73129693e-01   8.98344678e-01
    8.48215866e-01]
 [  4.77544291e+00   6.54924400e+00   8.10123267e+00   5.13629821e-01
   -4.76563124e-01  -5.25660909e-01  -4.86356293e-01   5.96615313e-01
    4.09921678e-01  -8.18560702e-02   7.97324561e-01   8.99012413e-01
    8.49703122e-01]
 [  4.83016439e+00   6.58973937e+00   8.09307198e+00   5.75488779e-01
   -4.54357397e-01  -5.02041703e-01  -4.62785420e-01   4.97013242e-01
    3.98436208e-01  -8.00042046e-02   7.97324561e-01   8.99012413e-01
    8.49703122e-01]
 [  4.87500726e+00   6.62865211e+00   8.08547920e+00   6.34236216e-01
   -4.29691228e-01  -4.75703884e-01  -4.36708414e-01   3.99300980e-01
    3.78106376e-01  -7.05679319e-02   7.97324561e-01   8.99012413e-01
    8.49703122e-01]
 [  4.91964404e+00   6.66784655e+00   8.07767798e+00   6.89553990e-01
   -4.02697992e-01  -4.46789860e-01  -4.08266282e-01   4.93715056e-01
    4.07627966e-01  -8.66346064e-02   7.97324561e-01   8.99012413e-01
    8.49703122e-01]
 [  4.97350354e+00   6.71045510e+00   8.06798654e+00   7.41142503e-01
   -3.73523665e-01  -4.15455991e-01  -3.77612843e-01   5.83493765e-01
    4.46489932e-01  -1.08234174e-01   7.97324561e-01   8.99012413e-01
    8.49703122e-01]
 [  5.03606005e+00   6.75741084e+00   8.05591094e+00   7.88722327e-01
   -3.42326037e-01  -3.81871744e-01  -3.44913890e-01   6.67400046e-01
    4.94638879e-01  -1.34149337e-01   7.97324561e-01   8.99012413e-01
    8.49703122e-01]
 [  5.09892991e+00   6.80411792e+00   8.04390816e+00   8.32035717e-01
   -3.09273857e-01  -3.46218771e-01  -3.10346297e-01   5.90476382e-01
    4.37457222e-01  -1.05229359e-01   7.97324561e-01   8.99012413e-01
    8.49703122e-01]
 [  5.15797754e+00   6.84786364e+00   8.03338523e+00   8.71011198e-01
   -2.74742932e-01  -3.08505747e-01  -2.73588941e-01   5.90476382e-01
    4.37457222e-01  -1.05229359e-01   7.87962525e-01   9.15598997e-01
    8.64470393e-01]
 [  5.21702518e+00   6.89160936e+00   8.02286229e+00   9.05534299e-01
   -2.38737353e-01  -2.68389716e-01  -2.34959327e-01   5.90476382e-01
    4.37457222e-01  -1.05229359e-01   8.02405822e-01   9.33335457e-01
    8.56991683e-01]
 [  5.27865739e+00   6.93930698e+00   8.01084687e+00   9.35156498e-01
   -2.01240711e-01  -2.26225431e-01  -1.95166194e-01   6.41046667e-01
    5.18426545e-01  -1.35075810e-01   8.02405822e-01   9.33335457e-01
    8.56991683e-01]
 [  5.34066633e+00   6.98688143e+00   7.99871857e+00   9.59523817e-01
   -1.62610779e-01  -1.82787155e-01  -1.54273786e-01   6.00402098e-01
    4.31244423e-01  -1.07756422e-01   8.02405822e-01   9.33335457e-01
    8.56991683e-01]
 [  5.40230238e+00   7.03453607e+00   7.98674636e+00   9.78498991e-01
   -1.23064635e-01  -1.38318982e-01  -1.12511901e-01   6.30935885e-01
    5.23520392e-01  -1.31156837e-01   8.02405822e-01   9.33335457e-01
    8.56991683e-01]
 [  5.46649211e+00   7.09162008e+00   7.97268223e+00   9.91975055e-01
   -8.28245152e-02  -9.30708134e-02  -7.01152342e-02   6.51400862e-01
    6.19656678e-01  -1.49334163e-01   8.02405822e-01   9.33335457e-01
    8.56991683e-01]
 [  5.53163220e+00   7.15358575e+00   7.95774881e+00   9.99904406e-01
   -4.20815781e-02  -4.67048461e-02  -2.73631289e-02   6.51400862e-01
    6.19656678e-01  -1.49334163e-01   8.04964057e-01   9.57020515e-01
    8.54165608e-01]
 [  5.59677228e+00   7.21555141e+00   7.94281540e+00   1.00215116e+00
   -1.08909678e-03   5.52319351e-04   1.61073500e-02   6.51400862e-01
    6.19656678e-01  -1.49334163e-01   8.03856339e-01   9.58082822e-01
    8.78101608e-01]
 [  5.66161312e+00   7.28245441e+00   7.92800992e+00   9.98567277e-01
    3.99019678e-02   4.78180477e-02   6.00931294e-02   6.43941545e-01
    7.19235348e-01  -1.45274858e-01   8.03856339e-01   9.58082822e-01
    8.78101608e-01]
 [  5.72670617e+00   7.34951273e+00   7.91290997e+00   9.89156295e-01
    8.06625873e-02   9.48075050e-02   1.03730818e-01   6.59302942e-01
    6.21353444e-01  -1.58419231e-01   8.03856339e-01   9.58082822e-01
    8.78101608e-01]
 [  5.79263646e+00   7.41164808e+00   7.89706804e+00   9.73885598e-01
    1.21018703e-01   1.41188185e-01   1.47348473e-01   6.59302942e-01
    6.21353444e-01  -1.58419231e-01   8.10019741e-01   9.54046182e-01
    9.00943592e-01]
 [  5.85856675e+00   7.47378342e+00   7.88122612e+00   9.52874706e-01
    1.60835789e-01   1.86097126e-01   1.90612295e-01   6.59302942e-01
    6.21353444e-01  -1.58419231e-01   8.16736911e-01   9.32361158e-01
    8.93100644e-01]
 [  5.92449705e+00   7.53591877e+00   7.86538420e+00   9.26528874e-01
    1.99705935e-01   2.29446084e-01   2.32116180e-01   6.59302942e-01
    6.21353444e-01  -1.58419231e-01   8.05527256e-01   9.38410136e-01
    8.72715428e-01]
 [  5.99042734e+00   7.59805411e+00   7.84954227e+00   8.95153414e-01
    2.37159026e-01   2.71727244e-01   2.71180651e-01   6.59302942e-01
    6.21353444e-01  -1.58419231e-01   7.91910624e-01   9.44978349e-01
    8.53994797e-01]
 [  6.05635764e+00   7.66018946e+00   7.83370035e+00   8.58722441e-01
    2.73642498e-01   3.12782210e-01   3.07991130e-01   6.59302942e-01
    6.21353444e-01  -1.58419231e-01   8.07819019e-01   9.60794021e-01
    8.45171567e-01]
 [  6.12228793e+00   7.72232480e+00   7.81785843e+00   8.17023737e-01
    3.08897730e-01   3.52733355e-01   3.43026767e-01   6.59302942e-01
    6.21353444e-01  -1.58419231e-01   7.99284001e-01   9.75663709e-01
    8.62141316e-01]
 [  6.18821823e+00   7.78446015e+00   7.80201651e+00   7.70591054e-01
    3.41940074e-01   3.91342285e-01   3.75778586e-01   6.59302942e-01
    6.21353444e-01  -1.58419231e-01   7.79393606e-01   9.81753337e-01
    8.49848067e-01]
 [  6.25562165e+00   7.84434799e+00   7.78200344e+00   7.19946765e-01
    3.72787191e-01   4.27909507e-01   4.05893297e-01   6.88287991e-01
    5.77484744e-01  -2.43747266e-01   7.79393606e-01   9.81753337e-01
    8.49848067e-01]
 [  6.32567327e+00   7.90030106e+00   7.75316489e+00   6.65173367e-01
    4.01499535e-01   4.62026364e-01   4.33683454e-01   7.11991153e-01
    5.42748586e-01  -3.34780953e-01   7.79393606e-01   9.81753337e-01
    8.49848067e-01]
 [  6.39778086e+00   7.95322899e+00   7.71499319e+00   6.06584545e-01
    4.27912426e-01   4.93497182e-01   4.58989650e-01   7.29141797e-01
    5.17036829e-01  -4.30230073e-01   7.79393606e-01   9.81753337e-01
    8.49848067e-01]
 [  6.47123233e+00   8.00402035e+00   7.66711495e+00   5.44515869e-01
    4.51874353e-01   5.22141443e-01   4.81666706e-01   7.38619107e-01
    5.00034805e-01  -5.28703223e-01   7.79393606e-01   9.81753337e-01
    8.49848067e-01]
 [  6.54509424e+00   8.05402383e+00   7.61424463e+00   4.79621171e-01
    4.72933621e-01   5.48084997e-01   5.01278142e-01   7.38619107e-01
    5.00034805e-01  -5.28703223e-01   7.55048552e-01   9.80611730e-01
    8.49996648e-01]
 [  6.61861643e+00   8.10389338e+00   7.55641370e+00   4.12312433e-01
    4.90988570e-01   5.71225508e-01   5.17751270e-01   7.30132832e-01
    4.98481360e-01  -6.28804956e-01   7.55048552e-01   9.80611730e-01
    8.49996648e-01]
 [  6.69162971e+00   8.15374151e+00   7.49353321e+00   3.42361077e-01
    5.06622611e-01   5.90835315e-01   5.31535022e-01   7.30132832e-01
    4.98481360e-01  -6.28804956e-01   7.78453275e-01   9.86154462e-01
    8.45606039e-01]
 [  6.76597084e+00   8.20311533e+00   7.43542669e+00   2.70130616e-01
    5.19725541e-01   6.06755253e-01   5.42507103e-01   7.58690498e-01
    4.88048363e-01  -5.32963683e-01   7.78453275e-01   9.86154462e-01
    8.45606039e-01]
 [  6.84000250e+00   8.25262527e+00   7.37755630e+00   1.96347821e-01
    5.29850533e-01   6.19198624e-01   5.50370557e-01   7.19846442e-01
    5.02941230e-01  -6.24536212e-01   7.78453275e-01   9.86154462e-01
    8.45606039e-01]
 [  6.90964625e+00   8.30379421e+00   7.31079426e+00   1.21435472e-01
    5.36939388e-01   6.28093912e-01   5.55080138e-01   6.70877283e-01
    5.21045610e-01  -7.10532628e-01   7.78453275e-01   9.86154462e-01
    8.45606039e-01]
 [  6.97673398e+00   8.35589878e+00   7.23974099e+00   4.55016850e-02
    5.41000786e-01   6.33719855e-01   5.56211719e-01   6.70877283e-01
    5.21045610e-01  -7.10532628e-01   7.68111303e-01   1.00496517e+00
    8.57559947e-01]
 [  7.04382171e+00   8.40800334e+00   7.16868773e+00  -3.13576413e-02
    5.42339974e-01   6.35663616e-01   5.53714389e-01   6.70877283e-01
    5.21045610e-01  -7.10532628e-01   7.82954617e-01   1.02188767e+00
    8.47719543e-01]
 [  7.10719107e+00   8.46108514e+00   7.09446568e+00  -1.08371325e-01
    5.40866924e-01   6.33504560e-01   5.47936263e-01   5.94413663e-01
    5.40520983e-01  -7.72984230e-01   7.82954617e-01   1.02188767e+00
    8.47719543e-01]
 [  7.16253721e+00   8.51601314e+00   7.01446874e+00  -1.84746185e-01
    5.36182666e-01   6.27584267e-01   5.38904704e-01   5.10534342e-01
    5.57716519e-01  -8.25837793e-01   7.82954617e-01   1.02188767e+00
    8.47719543e-01]
 [  7.21359065e+00   8.57178479e+00   6.93188496e+00  -2.60341803e-01
    5.28179432e-01   6.18256420e-01   5.26280544e-01   5.10534342e-01
    5.57716519e-01  -8.25837793e-01   7.74325100e-01   1.03218004e+00
    8.68286400e-01]
 [  7.25998330e+00   8.62802249e+00   6.84760944e+00  -3.34694194e-01
    5.16848858e-01   6.05536223e-01   5.10095433e-01   4.15697608e-01
    5.66168885e-01  -8.58263896e-01   7.74325100e-01   1.03218004e+00
    8.68286400e-01]
 [  7.30155306e+00   8.68463938e+00   6.76178305e+00  -4.07377739e-01
    5.02076185e-01   5.88928909e-01   4.91132807e-01   4.15697608e-01
    5.66168885e-01  -8.58263896e-01   7.98179940e-01   1.03143788e+00
    8.73525002e-01]
 [  7.33819589e+00   8.74106814e+00   6.67527902e+00  -4.77924986e-01
    4.83910987e-01   5.68471571e-01   4.69473882e-01   3.16037784e-01
    5.61065114e-01  -8.70299549e-01   7.98179940e-01   1.03143788e+00
    8.73525002e-01]
 [  7.36486349e+00   8.79659029e+00   6.58804778e+00  -5.45533980e-01
    4.62765217e-01   5.44512876e-01   4.44923059e-01   2.16475854e-01
    5.47830009e-01  -8.72822813e-01   7.98179940e-01   1.03143788e+00
    8.73525002e-01]
 [  7.38651108e+00   8.85137329e+00   6.50076550e+00  -6.10048061e-01
    4.38420483e-01   5.17459280e-01   4.17297301e-01   2.16475854e-01
    5.47830009e-01  -8.72822813e-01   7.99586570e-01   1.03083303e+00
    8.97884529e-01]
 [  7.40815866e+00   8.90615629e+00   6.41348321e+00  -6.71255467e-01
    4.11279274e-01   4.87170003e-01   3.86350569e-01   2.16475854e-01
    5.47830009e-01  -8.72822813e-01   7.92133656e-01   1.05383155e+00
    9.01017396e-01]
 [  7.42534510e+00   8.95898515e+00   6.32717468e+00  -7.28441834e-01
    3.81834973e-01   4.53523571e-01   3.52549271e-01   1.27351479e-01
    5.06724526e-01  -8.52126139e-01   7.92133656e-01   1.05383155e+00
    9.01017396e-01]
 [  7.43393716e+00   9.00722685e+00   6.24321366e+00  -7.80990587e-01
    3.49955939e-01   4.16985373e-01   3.16499556e-01   4.48934417e-02
    4.56020123e-01  -8.26062579e-01   7.92133656e-01   1.05383155e+00
    9.01017396e-01]
 [  7.43466939e+00   9.04993416e+00   6.16206235e+00  -8.28566618e-01
    3.15845132e-01   3.77788028e-01   2.78430968e-01  -2.95576189e-02
    3.96013151e-01  -7.96157373e-01   7.92133656e-01   1.05383155e+00
    9.01017396e-01]
 [  7.42840059e+00   9.08620130e+00   6.08402519e+00  -8.70866480e-01
    2.79719748e-01   3.36181113e-01   2.38585935e-01  -9.48646896e-02
    3.27236813e-01  -7.64033767e-01   7.92133656e-01   1.05383155e+00
    9.01017396e-01]
 [  6.14441910e+00   8.86797116e+00   5.82256731e+00   7.79955237e-01
    2.31940175e-01   4.56779228e-01   3.59660552e-01   1.64325410e-01
    8.89395819e-02  -2.31118174e-01   2.50228791e-01   3.41867323e-01
    3.69000362e-01]
 [  6.12798655e+00   8.85907720e+00   5.84567913e+00   7.96719555e-01
    2.24157264e-01   4.43967179e-01   3.43520512e-01   1.64325410e-01
    8.89395819e-02  -2.31118174e-01   2.58605428e-01   3.26295457e-01
    3.52770127e-01]
 [  6.11155401e+00   8.85018324e+00   5.86879095e+00   8.12420101e-01
    2.16266782e-01   4.31160670e-01   3.27745702e-01   1.64325410e-01
    8.89395819e-02  -2.31118174e-01   2.38156865e-01   3.27753350e-01
    3.40285958e-01]
 [  6.09512147e+00   8.84128929e+00   5.89190276e+00   8.27158948e-01
    2.08742063e-01   4.17792809e-01   3.12716674e-01   1.64325410e-01
    8.89395819e-02  -2.31118174e-01   2.18185691e-01   3.29593211e-01
    3.27100060e-01]
 [  6.07868893e+00   8.83239533e+00   5.91501458e+00   8.40978327e-01
    2.01581024e-01   4.03899441e-01   2.98474668e-01   1.64325410e-01
    8.89395819e-02  -2.31118174e-01   1.98727004e-01   3.31782633e-01
    3.13220360e-01]
 [  6.06396181e+00   8.81972380e+00   5.93524133e+00   8.54091687e-01
    1.94536522e-01   3.89632338e-01   2.84543004e-01   1.30632822e-01
    1.64102934e-01  -1.74419109e-01   1.98727004e-01   3.31782633e-01
    3.13220360e-01]
 [  6.05257742e+00   8.79942690e+00   5.94993052e+00   8.66676143e-01
    1.87371613e-01   3.75124078e-01   2.70435248e-01   9.74911287e-02
    2.41414251e-01  -1.20344882e-01   1.98727004e-01   3.31782633e-01
    3.13220360e-01]
 [  6.04282831e+00   8.77528547e+00   5.96196501e+00   8.78568334e-01
    1.80316095e-01   3.60273819e-01   2.56689521e-01   9.74911287e-02
    2.41414251e-01  -1.20344882e-01   1.81000411e-01   3.34832738e-01
    2.97330333e-01]
 [  6.03307919e+00   8.75114404e+00   5.97399950e+00   8.89640175e-01
    1.73587371e-01   3.44997054e-01   2.43848521e-01   9.74911287e-02
    2.41414251e-01  -1.20344882e-01   1.63911032e-01   3.38107042e-01
    2.80800178e-01]
 [  6.02333008e+00   8.72700262e+00   5.98603399e+00   8.99930048e-01
    1.67176766e-01   3.29322199e-01   2.31941082e-01   9.74911287e-02
    2.41414251e-01  -1.20344882e-01   1.47486124e-01   3.41575871e-01
    2.63648180e-01]
 [  6.01358097e+00   8.70286119e+00   5.99806848e+00   9.09473762e-01
    1.61074041e-01   3.13275535e-01   2.20993099e-01   9.74911287e-02
    2.41414251e-01  -1.20344882e-01   1.31751372e-01   3.45211283e-01
    2.45894544e-01]
 [  6.00383185e+00   8.67871977e+00   6.01010296e+00   9.18304341e-01
    1.55267506e-01   2.96881307e-01   2.11027748e-01   9.74911287e-02
    2.41414251e-01  -1.20344882e-01   1.16730951e-01   3.48987157e-01
    2.27561236e-01]
 [  5.99556489e+00   8.65020200e+00   6.02009957e+00   9.26574334e-01
    1.49567174e-01   2.80253684e-01   2.01506669e-01   6.82373777e-02
    3.28261396e-01  -8.03265299e-02   1.16730951e-01   3.48987157e-01
    2.27561236e-01]
 [  5.99019238e+00   8.61294295e+00   6.02619697e+00   9.34410664e-01
    1.43796874e-01   2.63494984e-01   1.91891332e-01   3.96118182e-02
    4.16222614e-01  -4.23389786e-02   1.16730951e-01   3.48987157e-01
    2.27561236e-01]
 [  5.98623119e+00   8.57132068e+00   6.03043087e+00   9.41660149e-01
    1.37846047e-01   2.47182667e-01   1.82273457e-01   3.96118182e-02
    4.16222614e-01  -4.23389786e-02   1.23427766e-01   3.27618262e-01
    2.18929062e-01]
 [  5.98227001e+00   8.52969842e+00   6.03466476e+00   9.48247018e-01
    1.31872374e-01   2.31239944e-01   1.73232392e-01   3.96118182e-02
    4.16222614e-01  -4.23389786e-02   1.11430065e-01   3.31694066e-01
    1.98547627e-01]
 [  5.97964753e+00   8.48348961e+00   6.03726359e+00   9.54342334e-01
    1.25985272e-01   2.15123431e-01   1.64682686e-01   1.32254299e-02
    5.07190758e-01  -1.02730569e-02   1.11430065e-01   3.31694066e-01
    1.98547627e-01]
 [  5.97962483e+00   8.42814010e+00   6.03675096e+00   9.60051467e-01
    1.20047217e-01   1.98919938e-01   1.56066378e-01  -1.23783585e-02
    5.99022009e-01   1.99117316e-02   1.11430065e-01   3.31694066e-01
    1.98547627e-01]
 [  5.98086267e+00   8.36823790e+00   6.03475979e+00   9.65303224e-01
    1.14643851e-01   1.82729274e-01   1.47270262e-01  -1.23783585e-02
    5.99022009e-01   1.99117316e-02   9.02813531e-02   3.23612702e-01
    2.06508142e-01]
 [  5.98210050e+00   8.30833570e+00   6.03276861e+00   9.70007194e-01
    1.09681430e-01   1.67143436e-01   1.38374328e-01  -1.23783585e-02
    5.99022009e-01   1.99117316e-02   9.59719583e-02   3.01195230e-01
    2.00100304e-01]
 [  5.98333834e+00   8.24843350e+00   6.03077744e+00   9.74171209e-01
    1.04514737e-01   1.52663061e-01   1.29561395e-01  -1.23783585e-02
    5.99022009e-01   1.99117316e-02   1.01399499e-01   2.78606861e-01
    1.94075992e-01]
 [  5.98457618e+00   8.18853130e+00   6.02878627e+00   9.77846225e-01
    9.91599188e-02   1.39303713e-01   1.20833010e-01  -1.23783585e-02
    5.99022009e-01   1.99117316e-02   1.06549672e-01   2.55856672e-01
    1.88429013e-01]
 [  5.98581401e+00   8.12862909e+00   6.02679509e+00   9.81079473e-01
    9.36324149e-02   1.27078613e-01   1.12189491e-01  -1.23783585e-02
    5.99022009e-01   1.99117316e-02   1.11409473e-01   2.32953981e-01
    1.83153418e-01]
 [  5.98705185e+00   8.06872689e+00   6.02480392e+00   9.83914351e-01
    8.79469821e-02   1.15998922e-01   1.03630025e-01  -1.23783585e-02
    5.99022009e-01   1.99117316e-02   1.15967151e-01   2.09908307e-01
    1.78243577e-01]
 [  5.98828968e+00   8.00882469e+00   6.02281275e+00   9.86390331e-01
    8.21177238e-02   1.06073994e-01   9.51527715e-02  -1.23783585e-02
    5.99022009e-01   1.99117316e-02   1.20212172e-01   1.86729331e-01
    1.73694255e-01]
 [  5.98952752e+00   7.94892249e+00   6.02082158e+00   9.88542886e-01
    7.61581255e-02   9.73116181e-02   8.67549582e-02  -1.23783585e-02
    5.99022009e-01   1.99117316e-02   1.24135174e-01   1.63426866e-01
    1.69500676e-01]
 [  5.99076536e+00   7.88902029e+00   6.01883040e+00   9.90414835e-01
    7.07312899e-02   8.91694702e-02   7.83307905e-02  -1.23783585e-02
    5.99022009e-01   1.99117316e-02   1.00879370e-01   1.59179787e-01
    1.73636392e-01]
 [  5.99200319e+00   7.82911809e+00   6.01683923e+00   9.92030028e-01
    6.58352089e-02   8.16614422e-02   6.98811846e-02  -1.23783585e-02
    5.99022009e-01   1.99117316e-02   1.04123410e-01   1.35667116e-01
    1.70084872e-01]
 [  5.99324103e+00   7.76921589e+00   6.01484806e+00   9.93402762e-01
    6.08458668e-02   7.53319415e-02   6.15002612e-02  -1.23783585e-02
    5.99022009e-01   1.99117316e-02   1.07013057e-01   1.12066793e-01
    1.66820328e-01]
 [  5.99447886e+00   7.70931369e+00   6.01285688e+00   9.94566026e-01
    5.58549987e-02   6.95467407e-02   5.37507364e-02  -1.23783585e-02
    5.99022009e-01   1.99117316e-02   1.03396826e-01   1.14649290e-01
    1.43235529e-01]
 [  5.99571670e+00   7.64941149e+00   6.01086571e+00   9.95554330e-01
    5.09412245e-02   6.36868862e-02   4.71887029e-02  -1.23783585e-02
    5.99022009e-01   1.99117316e-02   1.00087021e-01   1.17037242e-01
    1.19585331e-01]
 [  5.99695453e+00   7.58950929e+00   6.00887454e+00   9.96391178e-01
    4.60988661e-02   5.77599353e-02   4.18168273e-02  -1.23783585e-02
    5.99022009e-01   1.99117316e-02   9.70817817e-02   1.19225996e-01
    9.58752742e-02]
 [  5.99781285e+00   7.53462078e+00   6.00735358e+00   9.97118420e-01
    4.12880563e-02   5.17998341e-02   3.70331348e-02  -5.00230581e-03
    4.99714677e-01   1.07741774e-02   9.70817817e-02   1.19225996e-01
    9.58752742e-02]
 [  5.99831308e+00   7.48464931e+00   6.00627616e+00   9.97735900e-01
    3.64525206e-02   4.64399852e-02   3.22704828e-02  -5.00230581e-03
    4.99714677e-01   1.07741774e-02   9.86480201e-02   9.53561709e-02
    9.39337391e-02]
 [  5.99881332e+00   7.43467784e+00   6.00519874e+00   9.98234518e-01
    3.21991240e-02   4.16879984e-02   2.75010182e-02  -5.00230581e-03
    4.99714677e-01   1.07741774e-02   7.47841032e-02   9.38530800e-02
    9.59941774e-02]
 [  5.99931355e+00   7.38470637e+00   6.00412132e+00   9.98630247e-01
    2.85210391e-02   3.75558070e-02   2.27230106e-02  -5.00230581e-03
    4.99714677e-01   1.07741774e-02   7.59287151e-02   6.99276272e-02
    9.44922815e-02]
 [  5.99961091e+00   7.33977288e+00   6.00332670e+00   9.98952499e-01
    2.48271178e-02   3.40148316e-02   1.79614885e-02  -1.13441585e-03
    3.99939957e-01   5.30383621e-03   7.59287151e-02   6.99276272e-02
    9.44922815e-02]
 [  5.99972435e+00   7.29977888e+00   6.00279631e+00   9.99217700e-01
    2.11518842e-02   3.04579868e-02   1.38045399e-02  -1.13441585e-03
    3.99939957e-01   5.30383621e-03   7.43660757e-02   7.10046483e-02
    7.05675406e-02]
 [  5.99983779e+00   7.25978489e+00   6.00226593e+00   9.99422780e-01
    1.81001525e-02   2.68943008e-02   1.02228328e-02  -1.13441585e-03
    3.99939957e-01   5.30383621e-03   5.04125075e-02   7.04022216e-02
    7.19308764e-02]
 [  5.99995124e+00   7.21979089e+00   6.00173554e+00   9.99579673e-01
    1.56570114e-02   2.33260648e-02   7.22984022e-03  -1.13441585e-03
    3.99939957e-01   5.30383621e-03   4.92015899e-02   7.12008715e-02
    4.79748281e-02]
 [  6.00000324e+00   7.18484425e+00   6.00135634e+00   9.99706217e-01
    1.32279972e-02   1.97474731e-02   4.83038345e-03   6.52776967e-06
    2.99989042e-01   2.39274256e-03   4.92015899e-02   7.12008715e-02
    4.79748281e-02]
 [  6.00000258e+00   7.15484535e+00   6.00111706e+00   9.99806644e-01
    1.08098770e-02   1.61609119e-02   3.03665559e-03   6.52776967e-06
    2.99989042e-01   2.39274256e-03   4.83385780e-02   7.17736570e-02
    2.39972649e-02]
 [  6.00000193e+00   7.12484644e+00   6.00087779e+00   9.99878965e-01
    9.00771382e-03   1.25687366e-02   1.82770161e-03   6.52776967e-06
    2.99989042e-01   2.39274256e-03   2.43487980e-02   7.16503778e-02
    2.46846459e-02]
 [  6.00000128e+00   7.09484754e+00   6.00063851e+00   9.99923615e-01
    7.79847854e-03   9.58361910e-03   6.15779899e-04   6.52776967e-06
    2.99989042e-01   2.39274256e-03   2.44026722e-02   4.76538450e-02
    2.42809668e-02]
 [  6.00000063e+00   7.06484864e+00   6.00039924e+00   9.99952527e-01
    6.59387626e-03   7.18788737e-03   1.46713499e-05   6.52776967e-06
    2.99989042e-01   2.39274256e-03   2.40006451e-02   4.79988204e-02
    2.86842808e-04]
 [  6.00000025e+00   7.03989934e+00   6.00022244e+00   9.99974055e-01
    5.39394636e-03   4.78796015e-03   7.52906325e-06   1.53592711e-06
    1.99996237e-01   1.19518955e-03   2.40006451e-02   4.79988204e-02
    2.86842808e-04]
 [  6.00000010e+00   7.01989972e+00   6.00010292e+00   9.99986764e-01
    4.19397835e-03   2.99398889e-03   3.40094557e-06   1.53592711e-06
    1.99996237e-01   1.19518955e-03   2.40000058e-02   2.39999265e-02
    5.70239321e-05]
 [  6.00000001e+00   7.00494995e+00   6.00002164e+00   9.99993935e-01
    2.99399290e-03   1.79399681e-03   1.98975354e-06   3.35965911e-07
    9.99988355e-02   4.77597795e-04   2.40000058e-02   2.39999265e-02
    5.70239321e-05]
 [  6.00000000e+00   7.00000000e+00   6.00000000e+00   9.99998226e-01
    1.79399885e-03   5.93999596e-04   5.78555816e-07   0.00000000e+00
    0.00000000e+00   0.00000000e+00   2.40000058e-02   2.39999265e-02
    5.70239321e-05]
 [  6.00000000e+00   7.00000000e+00   6.00000000e+00   9.99999826e-01
    5.93999966e-04   0.00000000e+00   0.00000000e+00   0.00000000e+00
    0.00000000e+00   0.00000000e+00   2.40000000e-02   0.00000000e+00
    0.00000000e+00]
 [  6.00000000e+00   7.00000000e+00   6.00000000e+00   1.00000000e+00
    0.00000000e+00   0.00000000e+00   0.00000000e+00   0.00000000e+00
    0.00000000e+00   0.00000000e+00   0.00000000e+00   0.00000000e+00
    0.00000000e+00]]