[[  3.00000000e+00   3.00000000e+00   3.00000000e+00   1.00000000e+00
    0.00000000e+00   0.00000000e+00   0.00000000e+00   0.00000000e+00
    0.00000000e+00   0.00000000e+00   7.85398163e-01   7.85398163e-01
    7.85398163e-01]
 [  3.00012442e+00   2.99505493e+00   2.99987065e+00   9.97710783e-01
    3.92405373e-02   3.92405373e-02   3.92405373e-02   3.78072549e-03
   -9.97976357e-02  -3.98308976e-03   7.85398163e-01   7.85398163e-01
    7.85398163e-01]
 [  3.00050249e+00   2.98507517e+00   2.99947234e+00   9.90760893e-01
    7.83311493e-02   7.82698241e-02   7.88918301e-02   3.78072549e-03
   -9.97976357e-02  -3.98308976e-03   7.88365902e-01   7.82772596e-01
    8.09056368e-01]
 [  3.00088056e+00   2.97509541e+00   2.99907403e+00   9.79040128e-01
    1.17146137e-01   1.16837827e-01   1.19360159e-01   3.78072549e-03
   -9.97976357e-02  -3.98308976e-03   7.93440578e-01   7.78627768e-01
    8.32132156e-01]
 [  3.00125864e+00   2.96511564e+00   2.99867572e+00   9.62461386e-01
    1.56039048e-01   1.54859895e-01   1.59773930e-01   3.78072549e-03
   -9.97976357e-02  -3.98308976e-03   8.15611682e-01   7.86019566e-01
    8.26726792e-01]
 [  3.00163671e+00   2.95513588e+00   2.99827741e+00   9.40965690e-01
    1.95320876e-01   1.92312801e-01   1.99218906e-01   3.78072549e-03
   -9.97976357e-02  -3.98308976e-03   8.36612079e-01   7.95682499e-01
    8.20317842e-01]
 [  3.00201478e+00   2.94515612e+00   2.99787910e+00   9.14516535e-01
    2.34320866e-01   2.28791837e-01   2.38111855e-01   3.78072549e-03
   -9.97976357e-02  -3.98308976e-03   8.48244763e-01   7.88330901e-01
    8.39969082e-01]
 [  3.00239285e+00   2.93517635e+00   2.99748079e+00   8.83104534e-01
    2.72397328e-01   2.63821625e-01   2.76885614e-01   3.78072549e-03
   -9.97976357e-02  -3.98308976e-03   8.62006965e-01   7.80446017e-01
    8.57971135e-01]
 [  3.00449240e+00   2.92187877e+00   2.99383948e+00   8.46938615e-01
    3.09211251e-01   2.97323613e-01   3.14762919e-01   3.86262099e-02
   -1.65349186e-01  -7.09088405e-02   8.62006965e-01   7.80446017e-01
    8.57971135e-01]
 [  3.00835502e+00   2.90534385e+00   2.98674860e+00   8.06146807e-01
    3.44903579e-01   3.29464451e-01   3.50811050e-01   3.86262099e-02
   -1.65349186e-01  -7.09088405e-02   8.75972263e-01   7.98579978e-01
    8.50755323e-01]
 [  3.01221764e+00   2.88880893e+00   2.97965771e+00   7.60651986e-01
    3.79730208e-01   3.60273845e-01   3.84599027e-01   3.86262099e-02
   -1.65349186e-01  -7.09088405e-02   8.87767836e-01   8.18421384e-01
    8.44171571e-01]
 [  3.01460015e+00   2.87416596e+00   2.97689431e+00   7.10819868e-01
    4.12976250e-01   3.89362979e-01   4.16096895e-01   9.42331505e-03
   -1.28864858e-01   1.74643931e-02   8.87767836e-01   8.18421384e-01
    8.44171571e-01]
 [  3.01428911e+00   2.86265930e+00   2.98322625e+00   6.57129474e-01
    4.43984063e-01   4.16341740e-01   4.45339512e-01  -1.49830605e-02
   -1.02732832e-01   1.10829706e-01   8.87767836e-01   8.18421384e-01
    8.44171571e-01]
 [  3.01182583e+00   2.85325550e+00   2.99908622e+00   5.99871817e-01
    4.72585336e-01   4.41063678e-01   4.72168141e-01  -3.33671498e-02
   -8.68796947e-02   2.07826852e-01   8.87767836e-01   8.18421384e-01
    8.44171571e-01]
 [  3.00786795e+00   2.84493949e+00   3.02476668e+00   5.39357276e-01
    4.98624802e-01   4.63394574e-01   4.96437130e-01  -4.46335037e-02
   -8.10093842e-02   3.07016779e-01   8.87767836e-01   8.18421384e-01
    8.44171571e-01]
 [  3.00340460e+00   2.83683855e+00   3.05546836e+00   4.75626853e-01
    5.21652733e-01   4.83514565e-01   5.18308098e-01  -4.46335037e-02
   -8.10093842e-02   3.07016779e-01   8.86979384e-01   8.17539535e-01
    8.68182466e-01]
 [  2.99914355e+00   2.82819600e+00   3.09108839e+00   4.08987028e-01
    5.41499927e-01   5.01276677e-01   5.37639743e-01  -3.90029736e-02
   -9.33500013e-02   4.06117795e-01   8.86979384e-01   8.17539535e-01
    8.68182466e-01]
 [  2.99524325e+00   2.81886100e+00   3.13170017e+00   3.39754524e-01
    5.58579902e-01   5.16587506e-01   5.53692932e-01  -3.90029736e-02
   -9.33500013e-02   4.06117795e-01   8.84202886e-01   8.40848969e-01
    8.73433371e-01]
 [  2.99250093e+00   2.80824915e+00   3.17695580e+00   2.68278262e-01
    5.72748748e-01   5.29335132e-01   5.66329821e-01  -1.38985922e-02
   -1.20162551e-01   4.99180385e-01   8.84202886e-01   8.40848969e-01
    8.73433371e-01]
 [  2.99277355e+00   2.79467849e+00   3.23127414e+00   1.95288419e-01
    5.83695628e-01   5.39104994e-01   5.75780776e-01   2.14041652e-02
   -1.52355594e-01   5.87098417e-01   8.84202886e-01   8.40848969e-01
    8.73433371e-01]
 [  2.99707904e+00   2.77767945e+00   3.29407677e+00   1.21195611e-01
    5.91358765e-01   5.45841951e-01   5.81992440e-01   6.68280243e-02
   -1.88528337e-01   6.68601581e-01   8.84202886e-01   8.40848969e-01
    8.73433371e-01]
 [  3.00641630e+00   2.75692720e+00   3.36466515e+00   4.64166842e-02
    5.95694855e-01   5.49507924e-01   5.84929677e-01   1.22068257e-01
   -2.27190465e-01   7.42563650e-01   8.84202886e-01   8.40848969e-01
    8.73433371e-01]
 [  3.02174275e+00   2.73224903e+00   3.44223630e+00  -2.86276314e-02
    5.96679312e-01   5.50082113e-01   5.84575777e-01   1.86599506e-01
   -2.66795637e-01   8.08027802e-01   8.84202886e-01   8.40848969e-01
    8.73433371e-01]
 [  3.04395284e+00   2.70362820e+00   3.52590084e+00  -1.03515089e-01
    5.94306408e-01   5.47561112e-01   5.80932544e-01   2.59687566e-01
   -3.05776224e-01   8.64228151e-01   8.84202886e-01   8.40848969e-01
    8.73433371e-01]
 [  3.06992160e+00   2.67305058e+00   3.61232365e+00  -1.78146208e-01
    5.88233438e-01   5.41874290e-01   5.74365500e-01   2.59687566e-01
   -3.05776224e-01   8.64228151e-01   9.03631633e-01   8.31937758e-01
    8.84581210e-01]
 [  3.10015989e+00   2.64079733e+00   3.70062512e+00  -2.52093583e-01
    5.78450195e-01   5.33001351e-01   5.64879839e-01   3.46940384e-01
   -3.38880112e-01   9.00457034e-01   9.03631633e-01   8.31937758e-01
    8.84581210e-01]
 [  3.13939633e+00   2.60547668e+00   3.79204222e+00  -3.24601878e-01
    5.65354583e-01   5.21076304e-01   5.52159519e-01   4.39485374e-01
   -3.66840300e-01   9.26442195e-01   9.03631633e-01   8.31937758e-01
    8.84581210e-01]
 [  3.18809354e+00   2.56766996e+00   3.88555561e+00  -3.95255879e-01
    5.49021387e-01   5.06167248e-01   5.36277183e-01   5.35959537e-01
   -3.88326801e-01   9.42325152e-01   9.03631633e-01   8.31937758e-01
    8.84581210e-01]
 [  3.24657313e+00   2.52808438e+00   3.98017164e+00  -4.63650963e-01
    5.29543935e-01   4.88359370e-01   5.17323581e-01   6.34909905e-01
   -4.02157614e-01   9.48478507e-01   9.03631633e-01   8.31937758e-01
    8.84581210e-01]
 [  3.31500833e+00   2.48753692e+00   4.07494500e+00  -5.29395416e-01
    5.07033561e-01   4.67754462e-01   4.95407054e-01   7.34826757e-01
   -4.07325776e-01   9.45497456e-01   9.03631633e-01   8.31937758e-01
    8.84581210e-01]
 [  3.39341998e+00   2.44693563e+00   4.16900038e+00  -5.92112679e-01
    4.81618971e-01   4.44470331e-01   4.70652909e-01   8.34178140e-01
   -4.03022405e-01   9.34186202e-01   9.03631633e-01   8.31937758e-01
    8.84581210e-01]
 [  3.48167610e+00   2.40725884e+00   4.26155251e+00  -6.51443503e-01
    4.53445504e-01   4.18640133e-01   4.43202710e-01   9.31444900e-01
   -3.88655224e-01   9.15539586e-01   9.03631633e-01   8.31937758e-01
    8.84581210e-01]
 [  3.57482059e+00   2.36839332e+00   4.35310647e+00  -7.07299153e-01
    4.22267908e-01   3.90664162e-01   4.12961042e-01   9.31444900e-01
   -3.88655224e-01   9.15539586e-01   9.10936624e-01   8.26445326e-01
    9.06849500e-01]
 [  3.66796508e+00   2.32952780e+00   4.44466043e+00  -7.59074930e-01
    3.88653115e-01   3.60439103e-01   3.80306693e-01   9.31444900e-01
   -3.88655224e-01   9.15539586e-01   9.01287612e-01   8.33133017e-01
    8.85846627e-01]
 [  3.76524836e+00   2.29285265e+00   4.53460096e+00  -8.06251749e-01
    3.53253827e-01   3.27902369e-01   3.45691760e-01   1.01390531e+00
   -3.42673991e-01   8.82488543e-01   9.01287612e-01   8.33133017e-01
    8.85846627e-01]
 [  3.87042118e+00   2.26127763e+00   4.62112698e+00  -8.48815225e-01
    3.15830021e-01   2.93486426e-01   3.09095649e-01   1.08898588e+00
   -2.86631575e-01   8.47483501e-01   9.01287612e-01   8.33133017e-01
    8.85846627e-01]
 [  3.97594334e+00   2.22944744e+00   4.70763164e+00  -8.86521405e-01
    2.76595846e-01   2.57388211e-01   2.70727773e-01   1.02225178e+00
   -3.52144826e-01   8.82903850e-01   9.01287612e-01   8.33133017e-01
    8.85846627e-01]
 [  4.07523803e+00   2.19062949e+00   4.79763509e+00  -9.19154131e-01
    2.35775824e-01   2.19814299e-01   2.30807697e-01   9.64639946e-01
   -4.26321814e-01   9.17191099e-01   9.01287612e-01   8.33133017e-01
    8.85846627e-01]
 [  4.16924735e+00   2.14400560e+00   4.89094830e+00  -9.46526279e-01
    1.93603574e-01   1.80979728e-01   1.89563887e-01   9.16717635e-01
   -5.08157124e-01   9.48822534e-01   9.01287612e-01   8.33133017e-01
    8.85846627e-01]
 [  4.26287898e+00   2.09751273e+00   4.98442846e+00  -9.68480835e-01
    1.50320467e-01   1.41106768e-01   1.47232403e-01   9.54604755e-01
   -4.19844252e-01   9.21309108e-01   9.01287612e-01   8.33133017e-01
    8.85846627e-01]
 [  4.35688208e+00   2.05093900e+00   5.07770082e+00  -9.84891791e-01
    1.06174249e-01   1.00423643e-01   1.04055541e-01   9.26868999e-01
   -5.13305563e-01   9.43336295e-01   9.01287612e-01   8.33133017e-01
    8.85846627e-01]
 [  4.45052767e+00   2.00439343e+00   5.17121633e+00  -9.95664871e-01
    6.14176209e-02   5.91632303e-02   6.02804561e-02   9.44569402e-01
   -4.16142921e-01   9.28038310e-01   9.01287612e-01   8.33133017e-01
    8.85846627e-01]
 [  4.54498461e+00   1.96277914e+00   5.26402016e+00  -1.00072798e+00
    1.68999115e-02   1.75347799e-02   1.61858598e-02   9.44569402e-01
   -4.16142921e-01   9.28038310e-01   8.77444089e-01   8.34896354e-01
    8.83918009e-01]
 [  4.63942306e+00   1.91621706e+00   5.35684791e+00  -1.00013174e+00
   -2.71105368e-02  -2.42144695e-02  -2.79832929e-02   9.45672406e-01
   -5.16066886e-01   9.27026060e-01   8.77444089e-01   8.34896354e-01
    8.83918009e-01]
 [  4.73358796e+00   1.86952346e+00   5.44997712e+00  -9.93916530e-01
   -7.09711464e-02  -6.58300237e-02  -7.19977124e-02   9.36211301e-01
   -4.17104281e-01   9.37243230e-01   8.77444089e-01   8.34896354e-01
    8.83918009e-01]
 [  4.82643113e+00   1.83261537e+00   5.54460554e+00  -9.82116942e-01
   -1.14435491e-01  -1.07078071e-01  -1.15610108e-01   9.19335281e-01
   -3.20633113e-01   9.57174263e-01   8.77444089e-01   8.34896354e-01
    8.83918009e-01]
 [  4.91946460e+00   1.79593407e+00   5.63892513e+00  -9.64798959e-01
   -1.57259357e-01  -1.47726850e-01  -1.58575434e-01   9.42516480e-01
   -4.13138421e-01   9.27238325e-01   8.77444089e-01   8.34896354e-01
    8.83918009e-01]
 [  5.01235520e+00   1.75898441e+00   5.73354573e+00  -9.42059567e-01
   -1.99202115e-01  -1.87547955e-01  -2.00652267e-01   9.14281506e-01
   -3.25984648e-01   9.67245756e-01   8.77444089e-01   8.34896354e-01
    8.83918009e-01]
 [  5.10533877e+00   1.72233935e+00   5.82788062e+00  -9.14026216e-01
   -2.40028073e-01  -2.26317615e-01  -2.41604159e-01   9.46205254e-01
   -4.06521067e-01   9.17326217e-01   8.77444089e-01   8.34896354e-01
    8.83918009e-01]
 [  5.20163796e+00   1.67801490e+00   5.91674772e+00  -8.80856105e-01
   -2.79507800e-01  -2.63817957e-01  -2.81200973e-01   9.80369798e-01
   -4.79322589e-01   8.57876379e-01   8.77444089e-01   8.34896354e-01
    8.83918009e-01]
 [  6.04964735e+00   1.41677210e+00   6.68068323e+00   7.80113100e-01
    3.09429146e-01   5.05170683e-01   2.01474692e-01   2.84700378e-02
   -1.03451226e+00  -2.38373477e-01   1.67440261e-01   4.23382048e-01
    2.86128325e-01]
 [  6.04680034e+00   1.52022332e+00   6.70452058e+00   7.95699044e-01
    3.05630422e-01   4.86215345e-01   1.92751396e-01   2.84700378e-02
   -1.03451226e+00  -2.38373477e-01   1.67579576e-01   4.05785977e-01
    2.69805264e-01]
 [  6.04395334e+00   1.62367455e+00   6.72835793e+00   8.10173604e-01
    3.01397481e-01   4.67892166e-01   1.84266769e-01   2.84700378e-02
   -1.03451226e+00  -2.38373477e-01   1.67896392e-01   3.87912745e-01
    2.53789006e-01]
 [  6.04110633e+00   1.72712578e+00   6.75219527e+00   8.23594627e-01
    2.96760247e-01   4.50256940e-01   1.76031702e-01   2.84700378e-02
   -1.03451226e+00  -2.38373477e-01   1.68371092e-01   3.69763207e-01
    2.38090822e-01]
 [  6.03825933e+00   1.83057700e+00   6.77603262e+00   8.36178008e-01
    2.92119636e-01   4.32677034e-01   1.68376936e-01   2.84700378e-02
   -1.03451226e+00  -2.38373477e-01   1.48351675e-01   3.77846045e-01
    2.27604298e-01]
 [  6.03541233e+00   1.93402823e+00   6.79986997e+00   8.47954228e-01
    2.87482591e-01   4.15200507e-01   1.61302568e-01   2.84700378e-02
   -1.03451226e+00  -2.38373477e-01   1.49118393e-01   3.59180734e-01
    2.12535479e-01]
 [  6.03275068e+00   2.03350982e+00   6.82059114e+00   8.59057183e-01
    2.82604834e-01   3.98018196e-01   1.54319346e-01   2.47115241e-02
   -9.55741066e-01  -1.76883128e-01   1.49118393e-01   3.59180734e-01
    2.12535479e-01]
 [  6.03027952e+00   2.12908392e+00   6.83827945e+00   8.69507645e-01
    2.77498509e-01   3.81166508e-01   1.47431811e-01   2.47115241e-02
   -9.55741066e-01  -1.76883128e-01   1.50141336e-01   3.40037093e-01
    1.98095503e-01]
 [  6.02804196e+00   2.22058851e+00   6.85298662e+00   8.79336153e-01
    2.72178061e-01   3.64657366e-01   1.40643574e-01   2.00199052e-02
   -8.74995437e-01  -1.18077048e-01   1.50141336e-01   3.40037093e-01
    1.98095503e-01]
 [  6.02578730e+00   2.31220664e+00   6.86770570e+00   8.88774628e-01
    2.66736923e-01   3.47986570e-01   1.33792991e-01   2.50783467e-02
   -9.56710383e-01  -1.75497191e-01   1.50141336e-01   3.40037093e-01
    1.98095503e-01]
 [  6.02327947e+00   2.40787767e+00   6.88525542e+00   8.97618266e-01
    2.61099848e-01   3.31704585e-01   1.27044563e-01   2.50783467e-02
   -9.56710383e-01  -1.75497191e-01   1.51428049e-01   3.20196025e-01
    1.84653065e-01]
 [  6.02105244e+00   2.49933424e+00   6.90003713e+00   9.05897255e-01
    2.55279976e-01   3.15819425e-01   1.20400715e-01   1.94842607e-02
   -8.73101988e-01  -1.20923545e-01   1.51428049e-01   3.20196025e-01
    1.84653065e-01]
 [  6.01939402e+00   2.58238332e+00   6.90943480e+00   9.13814879e-01
    2.49358304e-01   2.99808358e-01   1.13708870e-01   1.37185049e-02
   -7.88573147e-01  -6.78052953e-02   1.51428049e-01   3.20196025e-01
    1.84653065e-01]
 [  6.01802217e+00   2.66124063e+00   6.91621533e+00   9.21196153e-01
    2.43271427e-01   2.84235199e-01   1.07122321e-01   1.37185049e-02
   -7.88573147e-01  -6.78052953e-02   1.52838172e-01   2.99692664e-01
    1.72258124e-01]
 [  6.01635148e+00   2.74444933e+00   6.92554116e+00   9.28070446e-01
    2.37031141e-01   2.69104423e-01   1.00642457e-01   1.96387247e-02
   -8.74882489e-01  -1.17960315e-01   1.52838172e-01   2.99692664e-01
    1.72258124e-01]
 [  6.01438761e+00   2.83193758e+00   6.93733720e+00   9.34555298e-01
    2.30866499e-01   2.53735737e-01   9.46906541e-02   1.96387247e-02
   -8.74882489e-01  -1.17960315e-01   1.40057968e-01   3.08925398e-01
    1.54164055e-01]
 [  6.01242374e+00   2.91942583e+00   6.94913323e+00   9.40512712e-01
    2.24720280e-01   2.38709593e-01   8.93990065e-02   1.96387247e-02
   -8.74882489e-01  -1.17960315e-01   1.41507866e-01   2.87822120e-01
    1.42825914e-01]
 [  6.01045987e+00   3.00691408e+00   6.96092926e+00   9.45893893e-01
    2.18397543e-01   2.24738461e-01   8.43492840e-02   1.96387247e-02
   -8.74882489e-01  -1.17960315e-01   1.42976516e-01   2.66539979e-01
    1.31829764e-01]
 [  6.00849599e+00   3.09440233e+00   6.97272529e+00   9.50747966e-01
    2.11914157e-01   2.11841196e-01   7.95384906e-02   1.96387247e-02
   -8.74882489e-01  -1.17960315e-01   1.44451982e-01   2.45083681e-01
    1.21178466e-01]
 [  6.00653212e+00   3.18189058e+00   6.98452132e+00   9.55120544e-01
    2.05284677e-01   2.00034152e-01   7.49627890e-02   1.96387247e-02
   -8.74882489e-01  -1.17960315e-01   1.45923246e-01   2.23458180e-01
    1.10874517e-01]
 [  6.00487545e+00   3.26479957e+00   6.99421062e+00   9.59168012e-01
    1.98565939e-01   1.88750887e-01   7.04942636e-02   1.35686922e-02
   -7.84093185e-01  -7.64838802e-02   1.45923246e-01   2.23458180e-01
    1.10874517e-01]
 [  6.00351858e+00   3.34320889e+00   7.00185901e+00   9.62907653e-01
    1.91764881e-01   1.78011155e-01   6.61302472e-02   1.35686922e-02
   -7.84093185e-01  -7.64838802e-02   1.47356227e-01   2.01509927e-01
    1.01271587e-01]
 [  6.00245755e+00   3.41697292e+00   7.00754881e+00   9.66360609e-01
    1.84888081e-01   1.67809608e-01   6.18691349e-02   7.73617311e-03
   -6.92003944e-01  -3.79432866e-02   1.47356227e-01   2.01509927e-01
    1.01271587e-01]
 [  6.00139658e+00   3.49084987e+00   7.01322716e+00   9.69638226e-01
    1.77977748e-01   1.57577633e-01   5.75968051e-02   1.33946735e-02
   -7.84708455e-01  -7.50063833e-02   1.47356227e-01   2.01509927e-01
    1.01271587e-01]
 [  6.00033416e+00   3.56461409e+00   7.01891861e+00   9.72739908e-01
    1.71035135e-01   1.47317085e-01   5.33140328e-02   7.94612600e-03
   -6.91412429e-01  -3.94258011e-02   1.47356227e-01   2.01509927e-01
    1.01271587e-01]
 [  5.99980449e+00   3.62901986e+00   7.02112704e+00   9.75665093e-01
    1.64061503e-01   1.37029828e-01   4.90215951e-02   2.74331306e-03
   -5.97549074e-01  -5.33167522e-03   1.47356227e-01   2.01509927e-01
    1.01271587e-01]
 [  5.99978119e+00   3.68401168e+00   7.02000124e+00   9.78413251e-01
    1.57058116e-01   1.26717726e-01   4.47202709e-02  -2.17816216e-03
   -5.03142984e-01   2.72731314e-02   1.47356227e-01   2.01509927e-01
    1.01271587e-01]
 [  5.99999900e+00   3.73432598e+00   7.01727393e+00   9.80913334e-01
    1.50000693e-01   1.16976620e-01   4.05047053e-02  -2.17816216e-03
   -5.03142984e-01   2.72731314e-02   1.48461434e-01   1.78728170e-01
    9.38042939e-02]
 [  6.00021682e+00   3.78464028e+00   7.01454662e+00   9.83118960e-01
    1.42871147e-01   1.08394214e-01   3.64625898e-02  -2.17816216e-03
   -5.03142984e-01   2.72731314e-02   1.49482704e-01   1.55828234e-01
    8.66951571e-02]
 [  6.00023562e+00   3.83979289e+00   7.01325222e+00   9.85122149e-01
    1.35699351e-01   1.00380320e-01   3.25016216e-02   1.69785929e-03
   -5.99026164e-01  -8.54917945e-04   1.49482704e-01   1.55828234e-01
    8.66951571e-02]
 [  6.00006584e+00   3.89969551e+00   7.01333771e+00   9.86935993e-01
    1.28490760e-01   9.29505381e-02   2.86170671e-02   1.69785929e-03
   -5.99026164e-01  -8.54917945e-04   1.50315434e-01   1.32710370e-01
    8.03029757e-02]
 [  5.99989605e+00   3.95959813e+00   7.01342320e+00   9.88559916e-01
    1.21304104e-01   8.60193190e-02   2.54052358e-02   1.69785929e-03
   -5.99026164e-01  -8.54917945e-04   1.45912470e-01   1.38514415e-01
    5.74357765e-02]
 [  5.99972626e+00   4.01950074e+00   7.01350869e+00   9.90010971e-01
    1.14141931e-01   7.96048023e-02   2.28495601e-02   1.69785929e-03
   -5.99026164e-01  -8.54917945e-04   1.46589778e-01   1.15207372e-01
    5.17513355e-02]
 [  5.99968900e+00   4.07448430e+00   7.01245953e+00   9.91318434e-01
    1.06954738e-01   7.37704309e-02   2.03608377e-02  -8.85350592e-04
   -5.01563015e-01   2.13728585e-02   1.46589778e-01   1.15207372e-01
    5.17513355e-02]
 [  5.99965787e+00   4.12957641e+00   7.01138321e+00   9.92533111e-01
    9.97575404e-02   6.79291603e-02   1.78702118e-02   1.44028486e-03
   -5.99354018e-01   6.04549609e-04   1.46589778e-01   1.15207372e-01
    5.17513355e-02]
 [  5.99961972e+00   4.18456040e+00   7.01033556e+00   9.93654887e-01
    9.25510127e-02   6.20815371e-02   1.53779156e-02  -6.09315454e-04
   -5.01257949e-01   1.99118284e-02   1.46589778e-01   1.15207372e-01
    5.17513355e-02]
 [  5.99968065e+00   4.23468620e+00   7.00834437e+00   9.94631780e-01
    8.59384422e-02   5.62370579e-02   1.28478401e-02  -6.09315454e-04
   -5.01257949e-01   1.99118284e-02   1.22767310e-01   1.14281162e-01
    5.45125422e-02]
 [  5.99974158e+00   4.28481199e+00   7.00635319e+00   9.95445955e-01
    7.99025442e-02   5.09992168e-02   1.03330542e-02  -6.09315454e-04
   -5.01257949e-01   1.99118284e-02   1.23106937e-01   9.06175667e-02
    5.05236664e-02]
 [  5.99980251e+00   4.33493779e+00   7.00436201e+00   9.96117441e-01
    7.44582600e-02   4.63549565e-02   7.83627587e-03  -6.09315454e-04
   -5.01257949e-01   1.99118284e-02   9.92246243e-02   9.00036566e-02
    5.28155672e-02]
 [  5.99986344e+00   4.38506358e+00   7.00237083e+00   9.96686621e-01
    6.96286960e-02   4.16692655e-02   5.91443984e-03  -6.09315454e-04
   -5.01257949e-01   1.99118284e-02   9.70969806e-02   9.34336418e-02
    2.91575943e-02]
 [  5.99992438e+00   4.43518938e+00   7.00037964e+00   9.97181504e-01
    6.48182340e-02   3.75434748e-02   4.62542945e-03  -6.09315454e-04
   -5.01257949e-01   1.99118284e-02   9.72210878e-02   6.96518274e-02
    2.59318682e-02]
 [  5.99996620e+00   4.49032466e+00   6.99902643e+00   9.97614478e-01
    6.00022561e-02   3.40084536e-02   3.37564561e-03  -2.58989689e-04
   -6.00475934e-01   7.43835179e-03   9.72210878e-02   6.96518274e-02
    2.59318682e-02]
 [  5.99998171e+00   4.55538775e+00   6.99887173e+00   9.98010102e-01
    5.51840335e-02   3.04721604e-02   2.12573586e-03  -8.25974735e-05
   -6.99811171e-01  -4.06809315e-03   9.72210878e-02   6.96518274e-02
    2.59318682e-02]
 [  5.99998997e+00   4.62536887e+00   6.99927854e+00   9.98337673e-01
    5.09687086e-02   2.69358005e-02   8.58033630e-04  -8.25974735e-05
   -6.99811171e-01  -4.06809315e-03   7.32607496e-02   6.95075391e-02
    2.73024967e-02]
 [  5.99999823e+00   4.69534998e+00   6.99968535e+00   9.98605408e-01
    4.73604493e-02   2.33692984e-02   1.78690415e-04  -8.25974735e-05
   -6.99811171e-01  -4.06809315e-03   7.20548998e-02   7.18623462e-02
    3.44886221e-03]
 [  5.99999767e+00   4.76030261e+00   6.99962674e+00   9.98846962e-01
    4.37655126e-02   1.97733789e-02   9.24638653e-05   8.69538058e-05
   -6.00226262e-01   5.02992848e-03   7.20548998e-02   7.18623462e-02
    3.44886221e-03]
 [  5.99998897e+00   4.82032523e+00   6.99912374e+00   9.99052659e-01
    4.01694571e-02   1.67823176e-02   3.19942692e-05   8.69538058e-05
   -6.00226262e-01   5.02992848e-03   7.20210527e-02   4.79468667e-02
    1.43733912e-03]
 [  5.99998636e+00   4.88538253e+00   6.99901376e+00   9.99228102e-01
    3.65725771e-02   1.43843228e-02  -3.93881965e-06  -2.98647180e-05
   -6.99931854e-01  -2.63414895e-03   7.20210527e-02   4.79468667e-02
    1.43733912e-03]
 [  5.99998935e+00   4.95537572e+00   6.99927718e+00   9.99377404e-01
    3.29750500e-02   1.25916349e-02  -1.84718497e-05  -2.98647180e-05
   -6.99931854e-01  -2.63414895e-03   7.19979995e-02   2.40049010e-02
   -2.29773743e-04]
 [  5.99999641e+00   5.03040871e+00   6.99986110e+00   9.99503956e-01
    2.93770380e-02   1.13923609e-02  -1.27406810e-05  -1.07742680e-04
   -7.99737473e-01  -8.86224812e-03   7.19979995e-02   2.40049010e-02
   -2.29773743e-04]
 [  6.00000395e+00   5.10534047e+00   7.00046310e+00   9.99616115e-01
    2.57786034e-02   1.01929230e-02  -7.00932974e-06  -4.62465952e-05
   -6.99889598e-01  -3.35271926e-03   7.19979995e-02   2.40049010e-02
   -2.29773743e-04]
 [  6.00000610e+00   5.17028553e+00   7.00055046e+00   9.99713881e-01
    2.21797981e-02   8.99333847e-03  -1.27787832e-06   5.92019950e-07
   -6.00004642e-01   1.43791664e-03   7.19979995e-02   2.40049010e-02
   -2.29773743e-04]
 [  6.00000422e+00   5.22524044e+00   7.00019506e+00   9.99797250e-01
    1.85806739e-02   7.79362462e-03   4.45359067e-06   3.44984165e-05
   -5.00087782e-01   5.50937834e-03   7.19979995e-02   2.40049010e-02
   -2.29773743e-04]
 [  6.00000201e+00   5.28029617e+00   6.99981940e+00   9.99866222e-01
    1.49812827e-02   6.59379872e-03   1.01849947e-05   1.17982434e-05
   -6.00031367e-01   2.15733067e-03   7.19979995e-02   2.40049010e-02
   -2.29773743e-04]
 [  6.00000083e+00   5.34029930e+00   6.99960367e+00   9.99913734e-01
    1.19876236e-02   5.39389291e-03   1.21749246e-05   1.17982434e-05
   -6.00031367e-01   2.15733067e-03   4.79997263e-02   2.40004783e-02
    5.76043882e-05]
 [  6.00000009e+00   5.40535118e+00   6.99950076e+00   9.99945341e-01
    9.58780462e-03   4.19394908e-03   1.07350770e-05   3.72098799e-06
   -7.00008047e-01   2.32687216e-06   4.79997263e-02   2.40004783e-02
    5.76043882e-05]
 [  5.99999995e+00   5.48040120e+00   6.99958912e+00   9.99969749e-01
    7.18791679e-03   2.99397514e-03   9.29515223e-06  -3.35965860e-07
   -7.99993920e-01  -1.67278271e-03   4.79997263e-02   2.40004783e-02
    5.76043882e-05]
 [  5.99999999e+00   5.56040059e+00   6.99975640e+00   9.99983884e-01
    5.39396749e-03   1.79398689e-03   6.29533657e-06  -3.35965860e-07
   -7.99993920e-01  -1.67278271e-03   2.40000058e-02   2.39993763e-02
    1.72222486e-04]
 [  6.00000000e+00   5.63535024e+00   6.99987332e+00   9.99991055e-01
    4.19398719e-03   5.93996506e-04   2.00415198e-06   0.00000000e+00
   -6.99998529e-01  -7.15197805e-04   2.40000058e-02   2.39993763e-02
    1.72222486e-04]
 [  6.00000000e+00   5.70535009e+00   6.99994484e+00   9.99995535e-01
    2.99399558e-03   0.00000000e+00   0.00000000e+00   0.00000000e+00
   -6.99998529e-01  -7.15197805e-04   2.40000000e-02   0.00000000e+00
    0.00000000e+00]
 [  6.00000000e+00   5.77030001e+00   6.99999024e+00   9.99998400e-01
    1.79399905e-03   0.00000000e+00   0.00000000e+00   0.00000000e+00
   -5.99999694e-01  -2.37599723e-04   2.40000000e-02   0.00000000e+00
    0.00000000e+00]
 [  6.00000000e+00   5.82525000e+00   7.00000000e+00   9.99999826e-01
    5.93999966e-04   0.00000000e+00   0.00000000e+00   0.00000000e+00
   -5.00000000e-01   0.00000000e+00   2.40000000e-02   0.00000000e+00
    0.00000000e+00]
 [  6.00000000e+00   5.87525000e+00   7.00000000e+00   1.00000000e+00
    0.00000000e+00   0.00000000e+00   0.00000000e+00   0.00000000e+00
   -5.00000000e-01   0.00000000e+00   0.00000000e+00   0.00000000e+00
    0.00000000e+00]
 [  6.00000000e+00   5.92020000e+00   7.00000000e+00   1.00000000e+00
    0.00000000e+00   0.00000000e+00   0.00000000e+00   0.00000000e+00
   -4.00000000e-01   0.00000000e+00   0.00000000e+00   0.00000000e+00
    0.00000000e+00]
 [  6.00000000e+00   5.95515000e+00   7.00000000e+00   1.00000000e+00
    0.00000000e+00   0.00000000e+00   0.00000000e+00   0.00000000e+00
   -3.00000000e-01   0.00000000e+00   0.00000000e+00   0.00000000e+00
    0.00000000e+00]
 [  6.00000000e+00   5.98010000e+00   7.00000000e+00   1.00000000e+00
    0.00000000e+00   0.00000000e+00   0.00000000e+00   0.00000000e+00
   -2.00000000e-01   0.00000000e+00   0.00000000e+00   0.00000000e+00
    0.00000000e+00]
 [  6.00000000e+00   5.99505000e+00   7.00000000e+00   1.00000000e+00
    0.00000000e+00   0.00000000e+00   0.00000000e+00   0.00000000e+00
   -1.00000000e-01   0.00000000e+00   0.00000000e+00   0.00000000e+00
    0.00000000e+00]
 [  6.00000000e+00   6.00000000e+00   7.00000000e+00   1.00000000e+00
    0.00000000e+00   0.00000000e+00   0.00000000e+00   0.00000000e+00
    0.00000000e+00   0.00000000e+00   0.00000000e+00   0.00000000e+00
    0.00000000e+00]
 [  6.00000000e+00   6.00000000e+00   7.00000000e+00   1.00000000e+00
    0.00000000e+00   0.00000000e+00   0.00000000e+00   0.00000000e+00
    0.00000000e+00   0.00000000e+00   0.00000000e+00   0.00000000e+00
    0.00000000e+00]
 [  6.00000000e+00   6.00000000e+00   7.00000000e+00   1.00000000e+00
    0.00000000e+00   0.00000000e+00   0.00000000e+00   0.00000000e+00
    0.00000000e+00   0.00000000e+00   0.00000000e+00   0.00000000e+00
    0.00000000e+00]
 [  6.00000000e+00   6.00000000e+00   7.00000000e+00   1.00000000e+00
    0.00000000e+00   0.00000000e+00   0.00000000e+00   0.00000000e+00
    0.00000000e+00   0.00000000e+00   0.00000000e+00   0.00000000e+00
    0.00000000e+00]
 [  6.00000000e+00   6.00000000e+00   7.00000000e+00   1.00000000e+00
    0.00000000e+00   0.00000000e+00   0.00000000e+00   0.00000000e+00
    0.00000000e+00   0.00000000e+00   0.00000000e+00   0.00000000e+00
    0.00000000e+00]
 [  6.00000000e+00   6.00000000e+00   7.00000000e+00   1.00000000e+00
    0.00000000e+00   0.00000000e+00   0.00000000e+00   0.00000000e+00
    0.00000000e+00   0.00000000e+00   0.00000000e+00   0.00000000e+00
    0.00000000e+00]
 [  6.00000000e+00   6.00000000e+00   7.00000000e+00   1.00000000e+00
    0.00000000e+00   0.00000000e+00   0.00000000e+00   0.00000000e+00
    0.00000000e+00   0.00000000e+00   0.00000000e+00   0.00000000e+00
    0.00000000e+00]
 [  6.00000000e+00   6.00000000e+00   7.00000000e+00   1.00000000e+00
    0.00000000e+00   0.00000000e+00   0.00000000e+00   0.00000000e+00
    0.00000000e+00   0.00000000e+00   0.00000000e+00   0.00000000e+00
    0.00000000e+00]
 [  6.00000000e+00   6.00000000e+00   7.00000000e+00   1.00000000e+00
    0.00000000e+00   0.00000000e+00   0.00000000e+00   0.00000000e+00
    0.00000000e+00   0.00000000e+00   0.00000000e+00   0.00000000e+00
    0.00000000e+00]
 [  6.00000000e+00   6.00000000e+00   7.00000000e+00   1.00000000e+00
    0.00000000e+00   0.00000000e+00   0.00000000e+00   0.00000000e+00
    0.00000000e+00   0.00000000e+00   0.00000000e+00   0.00000000e+00
    0.00000000e+00]
 [  6.00000000e+00   6.00000000e+00   7.00000000e+00   1.00000000e+00
    0.00000000e+00   0.00000000e+00   0.00000000e+00   0.00000000e+00
    0.00000000e+00   0.00000000e+00   0.00000000e+00   0.00000000e+00
    0.00000000e+00]
 [  6.00000000e+00   6.00000000e+00   7.00000000e+00   1.00000000e+00
    0.00000000e+00   0.00000000e+00   0.00000000e+00   0.00000000e+00
    0.00000000e+00   0.00000000e+00   0.00000000e+00   0.00000000e+00
    0.00000000e+00]
 [  6.00000000e+00   6.00000000e+00   7.00000000e+00   1.00000000e+00
    0.00000000e+00   0.00000000e+00   0.00000000e+00   0.00000000e+00
    0.00000000e+00   0.00000000e+00   0.00000000e+00   0.00000000e+00
    0.00000000e+00]
 [  6.00000000e+00   6.00000000e+00   7.00000000e+00   1.00000000e+00
    0.00000000e+00   0.00000000e+00   0.00000000e+00   0.00000000e+00
    0.00000000e+00   0.00000000e+00   0.00000000e+00   0.00000000e+00
    0.00000000e+00]
 [  6.00000000e+00   6.00000000e+00   7.00000000e+00   1.00000000e+00
    0.00000000e+00   0.00000000e+00   0.00000000e+00   0.00000000e+00
    0.00000000e+00   0.00000000e+00   0.00000000e+00   0.00000000e+00
    0.00000000e+00]
 [  6.00000000e+00   6.00000000e+00   7.00000000e+00   1.00000000e+00
    0.00000000e+00   0.00000000e+00   0.00000000e+00   0.00000000e+00
    0.00000000e+00   0.00000000e+00   0.00000000e+00   0.00000000e+00
    0.00000000e+00]
 [  6.00000000e+00   6.00000000e+00   7.00000000e+00   1.00000000e+00
    0.00000000e+00   0.00000000e+00   0.00000000e+00   0.00000000e+00
    0.00000000e+00   0.00000000e+00   0.00000000e+00   0.00000000e+00
    0.00000000e+00]
 [  6.00000000e+00   6.00000000e+00   7.00000000e+00   1.00000000e+00
    0.00000000e+00   0.00000000e+00   0.00000000e+00   0.00000000e+00
    0.00000000e+00   0.00000000e+00   0.00000000e+00   0.00000000e+00
    0.00000000e+00]
 [  6.00000000e+00   6.00000000e+00   7.00000000e+00   1.00000000e+00
    0.00000000e+00   0.00000000e+00   0.00000000e+00   0.00000000e+00
    0.00000000e+00   0.00000000e+00   0.00000000e+00   0.00000000e+00
    0.00000000e+00]
 [  6.00000000e+00   6.00000000e+00   7.00000000e+00   1.00000000e+00
    0.00000000e+00   0.00000000e+00   0.00000000e+00   0.00000000e+00
    0.00000000e+00   0.00000000e+00   0.00000000e+00   0.00000000e+00
    0.00000000e+00]
 [  6.00000000e+00   6.00000000e+00   7.00000000e+00   1.00000000e+00
    0.00000000e+00   0.00000000e+00   0.00000000e+00   0.00000000e+00
    0.00000000e+00   0.00000000e+00   0.00000000e+00   0.00000000e+00
    0.00000000e+00]
 [  6.00000000e+00   6.00000000e+00   7.00000000e+00   1.00000000e+00
    0.00000000e+00   0.00000000e+00   0.00000000e+00   0.00000000e+00
    0.00000000e+00   0.00000000e+00   0.00000000e+00   0.00000000e+00
    0.00000000e+00]
 [  6.00000000e+00   6.00000000e+00   7.00000000e+00   1.00000000e+00
    0.00000000e+00   0.00000000e+00   0.00000000e+00   0.00000000e+00
    0.00000000e+00   0.00000000e+00   0.00000000e+00   0.00000000e+00
    0.00000000e+00]
 [  6.00000000e+00   6.00000000e+00   7.00000000e+00   1.00000000e+00
    0.00000000e+00   0.00000000e+00   0.00000000e+00   0.00000000e+00
    0.00000000e+00   0.00000000e+00   0.00000000e+00   0.00000000e+00
    0.00000000e+00]
 [  6.00000000e+00   6.00000000e+00   7.00000000e+00   1.00000000e+00
    0.00000000e+00   0.00000000e+00   0.00000000e+00   0.00000000e+00
    0.00000000e+00   0.00000000e+00   0.00000000e+00   0.00000000e+00
    0.00000000e+00]
 [  6.00000000e+00   6.00000000e+00   7.00000000e+00   1.00000000e+00
    0.00000000e+00   0.00000000e+00   0.00000000e+00   0.00000000e+00
    0.00000000e+00   0.00000000e+00   0.00000000e+00   0.00000000e+00
    0.00000000e+00]
 [  6.00000000e+00   6.00000000e+00   7.00000000e+00   1.00000000e+00
    0.00000000e+00   0.00000000e+00   0.00000000e+00   0.00000000e+00
    0.00000000e+00   0.00000000e+00   0.00000000e+00   0.00000000e+00
    0.00000000e+00]
 [  6.00000000e+00   6.00000000e+00   7.00000000e+00   1.00000000e+00
    0.00000000e+00   0.00000000e+00   0.00000000e+00   0.00000000e+00
    0.00000000e+00   0.00000000e+00   0.00000000e+00   0.00000000e+00
    0.00000000e+00]
 [  6.00000000e+00   6.00000000e+00   7.00000000e+00   1.00000000e+00
    0.00000000e+00   0.00000000e+00   0.00000000e+00   0.00000000e+00
    0.00000000e+00   0.00000000e+00   0.00000000e+00   0.00000000e+00
    0.00000000e+00]
 [  6.00000000e+00   6.00000000e+00   7.00000000e+00   1.00000000e+00
    0.00000000e+00   0.00000000e+00   0.00000000e+00   0.00000000e+00
    0.00000000e+00   0.00000000e+00   0.00000000e+00   0.00000000e+00
    0.00000000e+00]
 [  6.00000000e+00   6.00000000e+00   7.00000000e+00   1.00000000e+00
    0.00000000e+00   0.00000000e+00   0.00000000e+00   0.00000000e+00
    0.00000000e+00   0.00000000e+00   0.00000000e+00   0.00000000e+00
    0.00000000e+00]
 [  6.00000000e+00   6.00000000e+00   7.00000000e+00   1.00000000e+00
    0.00000000e+00   0.00000000e+00   0.00000000e+00   0.00000000e+00
    0.00000000e+00   0.00000000e+00   0.00000000e+00   0.00000000e+00
    0.00000000e+00]
 [  6.00000000e+00   6.00000000e+00   7.00000000e+00   1.00000000e+00
    0.00000000e+00   0.00000000e+00   0.00000000e+00   0.00000000e+00
    0.00000000e+00   0.00000000e+00   0.00000000e+00   0.00000000e+00
    0.00000000e+00]
 [  6.00000000e+00   6.00000000e+00   7.00000000e+00   1.00000000e+00
    0.00000000e+00   0.00000000e+00   0.00000000e+00   0.00000000e+00
    0.00000000e+00   0.00000000e+00   0.00000000e+00   0.00000000e+00
    0.00000000e+00]
 [  6.00000000e+00   6.00000000e+00   7.00000000e+00   1.00000000e+00
    0.00000000e+00   0.00000000e+00   0.00000000e+00   0.00000000e+00
    0.00000000e+00   0.00000000e+00   0.00000000e+00   0.00000000e+00
    0.00000000e+00]
 [  6.00000000e+00   6.00000000e+00   7.00000000e+00   1.00000000e+00
    0.00000000e+00   0.00000000e+00   0.00000000e+00   0.00000000e+00
    0.00000000e+00   0.00000000e+00   0.00000000e+00   0.00000000e+00
    0.00000000e+00]
 [  6.00000000e+00   6.00000000e+00   7.00000000e+00   1.00000000e+00
    0.00000000e+00   0.00000000e+00   0.00000000e+00   0.00000000e+00
    0.00000000e+00   0.00000000e+00   0.00000000e+00   0.00000000e+00
    0.00000000e+00]
 [  6.00000000e+00   6.00000000e+00   7.00000000e+00   1.00000000e+00
    0.00000000e+00   0.00000000e+00   0.00000000e+00   0.00000000e+00
    0.00000000e+00   0.00000000e+00   0.00000000e+00   0.00000000e+00
    0.00000000e+00]
 [  6.00000000e+00   6.00000000e+00   7.00000000e+00   1.00000000e+00
    0.00000000e+00   0.00000000e+00   0.00000000e+00   0.00000000e+00
    0.00000000e+00   0.00000000e+00   0.00000000e+00   0.00000000e+00
    0.00000000e+00]
 [  6.00000000e+00   6.00000000e+00   7.00000000e+00   1.00000000e+00
    0.00000000e+00   0.00000000e+00   0.00000000e+00   0.00000000e+00
    0.00000000e+00   0.00000000e+00   0.00000000e+00   0.00000000e+00
    0.00000000e+00]
 [  6.00000000e+00   6.00000000e+00   7.00000000e+00   1.00000000e+00
    0.00000000e+00   0.00000000e+00   0.00000000e+00   0.00000000e+00
    0.00000000e+00   0.00000000e+00   0.00000000e+00   0.00000000e+00
    0.00000000e+00]
 [  6.00000000e+00   6.00000000e+00   7.00000000e+00   1.00000000e+00
    0.00000000e+00   0.00000000e+00   0.00000000e+00   0.00000000e+00
    0.00000000e+00   0.00000000e+00   0.00000000e+00   0.00000000e+00
    0.00000000e+00]
 [  6.00000000e+00   6.00000000e+00   7.00000000e+00   1.00000000e+00
    0.00000000e+00   0.00000000e+00   0.00000000e+00   0.00000000e+00
    0.00000000e+00   0.00000000e+00   0.00000000e+00   0.00000000e+00
    0.00000000e+00]
 [  6.00000000e+00   6.00000000e+00   7.00000000e+00   1.00000000e+00
    0.00000000e+00   0.00000000e+00   0.00000000e+00   0.00000000e+00
    0.00000000e+00   0.00000000e+00   0.00000000e+00   0.00000000e+00
    0.00000000e+00]
 [  6.00000000e+00   6.00000000e+00   7.00000000e+00   1.00000000e+00
    0.00000000e+00   0.00000000e+00   0.00000000e+00   0.00000000e+00
    0.00000000e+00   0.00000000e+00   0.00000000e+00   0.00000000e+00
    0.00000000e+00]
 [  6.00000000e+00   6.00000000e+00   7.00000000e+00   1.00000000e+00
    0.00000000e+00   0.00000000e+00   0.00000000e+00   0.00000000e+00
    0.00000000e+00   0.00000000e+00   0.00000000e+00   0.00000000e+00
    0.00000000e+00]
 [  6.00000000e+00   6.00000000e+00   7.00000000e+00   1.00000000e+00
    0.00000000e+00   0.00000000e+00   0.00000000e+00   0.00000000e+00
    0.00000000e+00   0.00000000e+00   0.00000000e+00   0.00000000e+00
    0.00000000e+00]
 [  6.00000000e+00   6.00000000e+00   7.00000000e+00   1.00000000e+00
    0.00000000e+00   0.00000000e+00   0.00000000e+00   0.00000000e+00
    0.00000000e+00   0.00000000e+00   0.00000000e+00   0.00000000e+00
    0.00000000e+00]
 [  6.00000000e+00   6.00000000e+00   7.00000000e+00   1.00000000e+00
    0.00000000e+00   0.00000000e+00   0.00000000e+00   0.00000000e+00
    0.00000000e+00   0.00000000e+00   0.00000000e+00   0.00000000e+00
    0.00000000e+00]
 [  6.00000000e+00   6.00000000e+00   7.00000000e+00   1.00000000e+00
    0.00000000e+00   0.00000000e+00   0.00000000e+00   0.00000000e+00
    0.00000000e+00   0.00000000e+00   0.00000000e+00   0.00000000e+00
    0.00000000e+00]
 [  6.00000000e+00   6.00000000e+00   7.00000000e+00   1.00000000e+00
    0.00000000e+00   0.00000000e+00   0.00000000e+00   0.00000000e+00
    0.00000000e+00   0.00000000e+00   0.00000000e+00   0.00000000e+00
    0.00000000e+00]
 [  6.00000000e+00   6.00000000e+00   7.00000000e+00   1.00000000e+00
    0.00000000e+00   0.00000000e+00   0.00000000e+00   0.00000000e+00
    0.00000000e+00   0.00000000e+00   0.00000000e+00   0.00000000e+00
    0.00000000e+00]
 [  6.00000000e+00   6.00000000e+00   7.00000000e+00   1.00000000e+00
    0.00000000e+00   0.00000000e+00   0.00000000e+00   0.00000000e+00
    0.00000000e+00   0.00000000e+00   0.00000000e+00   0.00000000e+00
    0.00000000e+00]
 [  6.00000000e+00   6.00000000e+00   7.00000000e+00   1.00000000e+00
    0.00000000e+00   0.00000000e+00   0.00000000e+00   0.00000000e+00
    0.00000000e+00   0.00000000e+00   0.00000000e+00   0.00000000e+00
    0.00000000e+00]
 [  6.00000000e+00   6.00000000e+00   7.00000000e+00   1.00000000e+00
    0.00000000e+00   0.00000000e+00   0.00000000e+00   0.00000000e+00
    0.00000000e+00   0.00000000e+00   0.00000000e+00   0.00000000e+00
    0.00000000e+00]
 [  6.00000000e+00   6.00000000e+00   7.00000000e+00   1.00000000e+00
    0.00000000e+00   0.00000000e+00   0.00000000e+00   0.00000000e+00
    0.00000000e+00   0.00000000e+00   0.00000000e+00   0.00000000e+00
    0.00000000e+00]]