6.544726 -2.086973 -0.001358 2.088936 11.239493 3.408431 
-4.380986 0.097494 -2.229132 1.702987 3.860831 1.976759 
-2.358979 0.083491 1.669717 10.993141 2.060533 3.848852 
-1.525285 0.027735 0.008966 1.952858 6.921961 1.124396 
-5.713727 0.027735 0.008966 1.952858 11.320931 1.124396 
2.337261 9.275363 -0.799659 1.698545 4.216326 4.752013 
2.348521 -9.761454 -0.799659 1.698545 4.216326 4.752013 
-1.505427 0.081133 -0.037674 20.231785 2.398331 2.184899 
-2.236374 7.916226 -0.903708 8.485911 5.741513 1.124396 
-2.236374 -7.960705 -0.903708 8.485911 5.741513 1.124396 
2.587156 0.383071 -0.849084 2.022310 47.536873 2.292574 
2.539791 18.209522 -1.062827 31.230650 11.043963 1.176369 
2.587156 13.752264 1.328665 1.479259 2.174541 4.473477 
2.587156 20.573448 1.328665 1.479259 2.174541 4.473477 
2.587156 -13.922964 1.328665 1.479259 2.174541 4.473477 
2.587156 -20.744148 1.328665 1.479259 2.174541 4.473477 
2.539791 -17.968578 -1.062827 31.230650 11.043963 1.176369 
